0.00000000 0.00000000 0.00195312 0.00000000 1.56347656 0.00000000 0.00000000 0.00000000 0.00000000 1.62133789 0.57885742 0.00000000 1.66821289 0.00000000 0.00000000 1.67749023
0.21215820 0.00000000 0.14697266 0.26196289 0.00000000 0.00000000 1.73510742 0.00000000 0.00000000 1.59863281 0.00000000 0.00000000 0.00000000 0.00000000 0.00000000 4.55224609
2.36987305 0.08471680 0.00000000 0.00000000 0.00000000 0.00000000 0.00000000 0.00000000 0.31469727 0.04003906 0.00000000 0.00000000 0.00000000 0.46704102 0.00000000 2.05712891
2.07666016 2.00903320 0.00000000 0.00000000 0.00000000 2.25244141 0.00000000 0.00000000 1.59326172 0.00000000 2.56665039 4.17456055 0.00000000 2.23193359 0.00000000 0.00000000
4.73266602 2.47827148 0.00000000 0.00000000 1.19458008 1.07543945 0.00000000 1.59643555 5.96728516 0.00000000 1.30981445 6.11743164 0.00000000 0.28881836 3.26684570 0.00000000
0.00000000 2.56347656 0.00000000 0.00000000 3.34765625 0.00000000 0.00000000 2.61962891 0.60327148 0.00000000 1.33715820 2.88574219 0.00000000 0.00000000 3.72802734 0.00000000
0.00000000 2.90332031 1.16821289 0.00000000 3.74975586 0.00000000 0.00000000 0.00000000 0.00000000 0.00000000 4.07153320 2.29809570 0.00000000 0.00000000 2.53051758 0.00000000
0.00000000 3.04174805 1.47631836 1.86767578 1.73559570 0.00000000 0.00000000 0.00000000 0.00000000 0.00000000 1.10961914 1.50732422 0.00000000 0.00000000 3.76611328 0.00000000
1.73242188 2.67211914 0.00000000 0.32373047 3.31372070 0.00000000 0.00000000 2.89331055 0.00000000 0.00000000 0.00000000 0.00000000 0.00000000 0.00000000 3.88305664 0.00000000
0.00000000 0.82446289 0.00000000 0.00000000 6.19311523 0.00000000 0.00000000 4.31958008 0.00000000 0.00000000 0.00000000 0.00000000 2.27001953 0.00000000 1.02954102 0.00000000
0.00000000 0.00000000 0.73413086 0.16137695 1.74267578 0.00000000 0.00000000 0.00000000 0.00000000 1.06372070 1.38330078 0.00000000 1.21337891 0.00000000 0.00000000 2.09497070
2.18090820 0.00000000 0.00000000 0.83569336 0.00000000 0.00000000 0.00000000 0.00000000 0.00000000 1.96728516 0.00000000 0.00000000 0.14111328 0.00000000 0.00000000 5.56982422
2.42626953 0.00000000 0.00000000 0.00000000 0.00000000 0.00000000 0.00000000 0.00000000 0.00000000 1.82641602 0.00000000 0.00000000 0.00000000 0.70947266 0.00000000 2.06933594
0.35766602 1.33666992 0.00000000 0.00000000 0.91162109 0.00000000 0.00000000 2.13208008 2.30371094 0.00000000 0.00000000 3.38891602 0.00000000 0.42333984 0.00000000 0.00000000
1.03369141 2.40991211 0.00000000 0.00000000 2.33129883 0.00000000 0.00000000 6.78149414 6.95532227 0.00000000 0.00000000 7.38818359 0.00000000 0.00000000 1.39331055 0.00000000
0.00000000 2.53051758 0.45068359 1.17797852 3.03833008 2.24780273 0.00000000 3.36132812 0.32495117 0.00000000 0.00000000 6.77880859 0.00000000 0.00000000 2.06787109 0.00000000
0.00000000 1.43505859 6.40039062 4.15112305 2.15698242 0.00000000 0.00000000 0.00000000 0.00000000 0.00000000 0.00000000 4.00024414 0.00000000 0.00000000 5.30004883 0.00000000
3.29443359 1.65429688 0.32104492 1.99096680 0.00000000 0.00000000 0.00000000 3.56665039 0.00000000 0.00000000 0.00000000 0.00000000 0.00000000 0.00000000 6.97802734 0.00000000
0.00000000 1.89453125 0.00000000 0.00000000 3.15136719 0.00000000 0.00000000 7.09106445 0.00000000 0.00000000 0.00000000 0.00000000 1.76098633 0.00000000 1.67382812 0.00000000
0.00000000 0.85668945 4.96069336 2.49267578 4.58520508 0.00000000 5.12451172 4.60473633 0.00000000 0.00000000 0.00000000 0.00000000 4.56787109 0.00000000 0.00000000 0.00000000
0.00000000 0.00000000 0.80468750 0.02026367 1.58447266 0.00000000 0.00000000 0.00000000 0.00000000 0.00000000 1.92041016 0.00000000 0.42773438 0.07861328 0.00000000 3.04736328
3.55981445 0.00000000 0.00000000 0.00000000 0.00000000 0.00000000 0.00000000 0.00000000 0.00000000 1.17968750 0.00000000 0.00000000 0.18530273 0.00000000 0.00000000 5.11840820
0.19970703 0.00000000 0.00000000 0.00000000 0.90039062 0.00000000 0.00000000 0.23803711 0.00000000 2.33129883 0.00000000 0.00000000 0.17749023 0.00000000 0.00000000 1.82910156
0.00000000 0.55761719 0.00000000 0.00000000 1.87622070 0.00000000 0.00000000 4.41430664 0.00000000 0.00000000 0.00000000 1.51391602 0.00000000 0.00000000 0.00000000 0.00000000
0.00000000 1.66040039 0.00000000 0.84082031 0.93481445 0.00000000 0.00000000 4.61181641 4.25708008 0.00000000 0.00000000 5.95800781 0.00000000 0.00000000 0.00000000 0.00000000
0.00000000 1.19335938 3.86474609 3.72534180 1.25415039 3.50756836 0.00000000 0.00000000 0.07006836 0.00000000 0.00000000 6.51440430 0.00000000 0.00000000 0.43261719 0.00000000
0.41650391 0.36450195 3.44995117 4.04492188 0.67822266 3.30664062 0.00000000 0.00000000 0.00000000 0.00000000 0.00000000 3.60864258 0.00000000 0.00000000 4.84887695 0.00000000
4.04785156 0.50390625 0.00000000 2.51391602 0.00000000 2.81225586 0.00000000 0.94091797 0.00000000 0.00000000 0.00000000 0.00000000 0.00000000 0.00000000 1.71875000 0.00000000
0.00000000 0.00000000 0.00000000 3.63232422 3.26318359 0.00000000 0.00000000 0.00000000 0.00000000 0.87915039 0.00000000 0.00000000 1.70434570 0.00000000 0.00000000 0.00000000
0.00000000 0.00000000 6.04541016 7.14233398 1.84204102 0.00000000 3.48217773 0.00000000 0.00000000 2.23413086 0.00000000 0.00000000 2.59545898 0.00000000 0.00000000 1.51098633
0.00000000 0.00000000 0.00000000 0.00000000 1.74365234 0.00000000 0.00000000 0.00000000 0.00000000 0.00000000 1.07348633 0.00000000 0.00000000 0.00000000 0.00000000 3.98876953
3.24145508 0.05932617 0.00000000 0.00000000 0.17993164 0.00000000 0.00000000 0.00000000 0.00000000 0.66650391 0.00000000 0.00000000 0.04028320 0.00000000 0.00000000 3.14257812
0.00000000 0.00000000 0.00000000 0.00000000 2.51269531 0.00000000 0.00000000 1.43798828 0.00000000 1.53320312 0.00000000 0.00000000 1.11914062 0.00000000 0.00000000 0.51147461
0.00000000 0.42065430 1.28027344 0.00000000 1.11181641 0.00000000 3.54003906 2.84106445 0.00000000 1.32568359 0.00000000 0.66967773 0.00952148 0.00000000 0.00000000 0.00000000
0.00000000 1.02880859 2.69262695 4.26098633 0.00000000 0.00000000 0.73095703 0.00000000 1.67333984 0.00000000 0.00000000 4.51879883 0.00000000 0.00000000 0.00000000 0.00000000
0.00000000 0.79443359 3.34790039 3.78930664 0.00000000 5.40551758 0.00000000 0.00000000 1.07543945 0.00000000 1.53417969 6.30395508 0.00000000 0.00000000 0.49902344 0.00000000
5.84765625 0.49047852 0.00000000 4.53417969 0.00000000 4.73974609 0.00000000 0.00000000 3.21582031 0.00000000 0.00000000 4.14404297 0.00000000 0.00000000 1.74169922 0.00000000
2.43383789 0.00000000 0.00000000 4.25952148 1.53906250 0.91845703 0.00000000 0.00000000 0.00000000 0.00000000 0.00000000 0.00000000 0.00000000 0.00000000 0.00000000 0.00000000
0.00000000 0.00000000 0.00000000 4.33935547 4.66992188 0.00000000 0.00000000 0.00000000 0.00000000 4.02368164 0.00000000 0.00000000 1.36352539 0.00000000 0.00000000 0.00000000
0.00000000 0.00000000 0.74267578 5.05810547 0.93237305 0.00000000 0.24291992 0.00000000 0.00000000 7.04492188 0.00000000 0.00000000 2.29907227 0.00000000 0.00000000 8.03540039
0.96997070 0.00000000 0.00000000 0.00000000 1.71948242 0.00000000 0.00000000 0.00000000 0.00000000 0.00000000 0.00000000 0.00000000 0.00000000 0.00000000 0.00000000 2.49584961
1.17138672 0.13305664 0.00000000 0.00000000 1.41357422 0.00000000 0.00000000 0.00000000 0.00000000 1.10937500 0.00000000 0.00000000 1.14453125 0.00000000 0.00000000 0.00000000
0.00000000 0.00000000 0.62255859 0.00000000 3.19335938 0.00000000 3.91015625 0.81420898 0.00000000 1.47583008 0.00000000 0.00000000 2.47802734 0.00000000 0.00000000 0.10766602
0.00000000 0.00000000 3.84106445 2.78955078 0.00000000 0.00000000 5.76049805 0.24365234 0.00000000 1.68530273 0.00000000 0.63427734 1.64672852 0.00000000 0.00000000 1.41845703
0.95141602 0.50878906 2.01611328 2.96728516 0.00000000 2.34790039 1.08959961 0.00000000 0.00000000 0.00000000 0.00000000 3.74902344 0.11523438 0.00000000 0.00000000 0.00000000
3.41796875 1.18164062 0.18359375 0.71875000 0.00000000 5.51318359 0.00000000 0.00000000 3.02246094 0.00000000 4.12866211 7.06347656 0.00000000 3.90844727 0.38574219 0.00000000
8.74609375 1.07519531 0.00000000 1.63720703 0.72509766 2.71972656 0.00000000 0.00000000 7.13989258 0.00000000 0.22778320 4.24169922 0.00000000 3.62011719 0.99853516 0.00000000
0.00000000 0.00000000 0.00000000 0.00000000 5.53149414 0.00000000 0.00000000 0.00000000 0.00000000 0.00000000 0.00000000 0.00000000 0.00000000 0.00000000 0.00000000 0.00000000
0.00000000 0.00000000 0.00000000 0.00000000 5.46142578 0.00000000 0.00000000 0.00000000 0.00000000 0.00000000 0.89086914 0.00000000 2.66430664 0.00000000 0.00000000 0.00000000
0.00000000 0.78613281 1.06494141 0.36865234 0.44262695 0.00000000 0.00000000 0.00000000 0.00000000 0.10717773 4.01708984 2.00219727 1.62622070 2.61108398 0.00000000 6.88208008
1.87500000 0.48315430 0.00000000 0.00000000 1.57617188 0.00000000 0.00000000 0.00000000 0.00000000 0.00000000 0.00000000 0.00000000 0.00000000 0.00000000 0.00000000 1.46044922
0.00000000 0.00000000 0.00000000 0.00000000 2.99560547 0.00000000 0.00000000 0.81518555 0.00000000 0.87988281 0.00000000 0.00000000 2.28222656 0.00000000 0.00000000 0.00000000
0.00000000 0.00000000 3.37109375 0.64697266 2.53002930 0.00000000 7.25439453 0.58056641 0.00000000 0.97509766 0.00000000 0.00000000 3.24731445 0.00000000 0.00000000 1.12475586
0.72753906 0.06298828 3.45751953 2.36010742 0.00000000 0.00000000 5.35791016 0.00000000 0.00000000 0.73242188 0.00000000 0.24194336 2.58447266 0.00000000 0.57885742 2.86254883
2.69702148 1.18041992 0.10839844 0.18310547 0.00000000 3.95629883 0.00000000 0.00000000 0.00000000 0.00000000 2.27709961 3.66503906 0.55004883 1.47045898 0.14453125 0.27368164
5.89013672 2.21484375 0.00000000 0.00000000 0.00000000 3.83032227 0.00000000 0.00000000 5.99780273 0.00000000 3.02392578 7.98657227 0.00000000 4.30029297 1.95751953 0.00000000
6.07226562 2.05810547 0.00000000 0.00000000 3.29516602 0.35156250 0.00000000 2.16406250 8.66406250 0.00000000 0.00000000 4.44970703 0.00000000 0.00000000 3.05200195 0.00000000
0.00000000 0.45898438 0.00000000 0.00000000 7.39208984 0.00000000 0.00000000 5.41918945 0.00000000 0.00000000 0.00000000 0.00000000 0.00000000 0.00000000 1.63964844 0.00000000
0.00000000 1.97607422 4.82568359 0.00000000 3.23608398 0.00000000 4.10009766 1.64282227 0.00000000 0.00000000 2.42871094 1.94165039 2.99658203 0.00000000 1.68115234 0.00000000
2.24267578 3.65625000 4.40332031 2.71533203 0.00000000 0.00000000 0.00000000 0.00000000 0.00000000 0.00000000 7.73242188 6.54101562 0.00000000 0.00000000 3.90405273 2.92578125
1.11840820 0.23217773 0.00000000 0.00000000 2.43115234 0.00000000 0.00000000 0.00000000 0.00000000 2.07275391 0.00000000 0.00000000 0.00000000 0.00000000 0.00000000 0.79907227
0.00000000 0.00000000 0.00000000 0.00000000 4.38964844 0.00000000 2.83740234 0.24243164 0.00000000 2.00708008 0.00000000 0.00000000 3.44555664 0.00000000 0.00000000 0.00000000
0.00000000 0.00000000 4.09423828 1.73413086 1.02514648 0.00000000 8.46777344 0.00000000 0.00000000 1.16113281 0.00000000 0.00000000 3.45605469 0.00000000 0.00000000 3.24536133
3.38916016 0.27661133 1.93359375 1.28002930 0.00000000 0.12011719 3.90917969 0.21118164 0.00000000 0.08300781 0.00000000 0.16650391 2.58032227 0.00000000 1.07592773 3.21020508
2.84863281 1.15795898 0.00000000 0.00000000 0.00000000 3.01220703 0.00000000 1.08349609 1.22778320 0.00000000 0.91528320 3.02807617 0.00000000 0.78955078 0.78051758 0.13598633
4.83544922 2.70166016 0.00000000 0.00000000 0.43115234 1.75415039 0.00000000 4.83911133 7.72509766 0.00000000 0.00000000 7.55957031 0.00000000 0.00000000 2.80468750 0.00000000
0.25781250 2.27783203 0.00000000 0.00000000 4.02978516 0.00000000 0.00000000 7.80200195 7.79174805 0.00000000 0.00000000 5.06665039 0.00000000 0.00000000 2.50976562 0.00000000
0.00000000 0.22778320 4.12207031 1.73730469 5.78613281 0.00000000 0.00000000 6.85913086 0.00000000 0.00000000 0.00000000 0.00000000 2.29174805 0.00000000 2.35083008 0.00000000
0.00000000 2.65112305 10.20214844 4.29150391 0.57495117 0.00000000 5.07055664 3.15307617 0.00000000 0.00000000 0.00000000 3.70947266 2.74975586 0.00000000 4.67285156 0.00000000
8.11645508 4.47949219 4.12670898 5.41625977 0.00000000 5.77075195 0.00000000 0.68627930 0.00000000 0.00000000 1.07910156 10.24755859 0.00000000 0.00000000 7.84985352 0.00000000
0.00000000 0.18701172 0.00000000 0.00000000 4.28222656 0.00000000 0.00000000 0.00000000 0.00000000 4.01293945 0.00000000 0.00000000 1.15014648 0.00000000 0.00000000 0.00000000
0.00000000 0.00000000 1.57446289 0.00000000 4.68188477 0.00000000 7.77124023 0.26513672 0.00000000 2.85791016 0.00000000 0.00000000 4.22290039 0.00000000 0.00000000 1.77856445
0.00000000 0.00000000 4.26611328 1.80615234 0.00000000 0.00000000 8.60131836 0.00000000 0.00000000 1.54394531 0.00000000 0.00000000 3.67211914 0.00000000 0.00000000 4.56494141
3.90527344 0.24926758 0.64038086 0.59277344 0.00000000 1.09497070 2.82055664 0.77221680 0.00000000 0.22827148 0.00000000 0.00000000 2.15527344 0.00000000 0.62573242 2.36694336
1.63061523 0.67358398 0.00000000 0.00000000 0.00000000 1.13281250 0.00000000 3.61157227 2.24072266 0.00000000 0.00000000 1.50903320 0.00000000 0.00000000 0.59301758 0.00000000
1.91333008 2.28466797 0.00000000 0.00000000 0.59765625 0.29467773 0.00000000 7.48583984 7.27709961 0.00000000 0.00000000 5.76611328 0.00000000 0.00000000 0.76000977 0.00000000
0.00000000 0.91943359 0.62036133 3.91723633 2.95190430 0.00000000 0.00000000 6.26098633 5.54736328 0.00000000 0.00000000 4.49414062 0.00000000 0.00000000 0.00000000 0.00000000
0.00000000 0.00000000 8.37109375 7.23779297 2.75195312 0.00000000 2.21020508 3.78271484 0.00000000 0.00000000 0.00000000 0.00000000 3.82910156 0.00000000 2.53662109 0.00000000
0.00000000 0.35644531 7.78784180 4.94799805 0.00000000 3.31054688 2.29663086 4.40869141 0.00000000 0.00000000 0.00000000 2.02026367 4.09765625 0.00000000 5.78173828 0.00000000
9.25830078 3.80639648 0.00000000 0.38427734 0.00000000 8.94995117 0.00000000 8.69140625 2.87158203 0.00000000 0.00000000 8.97460938 0.00000000 0.00000000 5.81054688 0.00000000
0.00000000 0.17749023 0.00000000 0.00000000 6.19189453 0.00000000 0.00000000 0.00000000 0.00000000 4.32910156 0.00000000 0.00000000 4.06323242 0.00000000 0.00000000 0.00000000
0.00000000 0.00000000 5.39819336 0.36059570 3.39355469 0.00000000 12.18652344 0.00000000 0.00000000 4.01733398 0.00000000 0.00000000 5.15649414 0.00000000 0.00000000 3.88281250
1.51953125 0.51513672 3.92822266 1.63647461 0.00000000 0.00000000 7.74877930 0.02758789 0.00000000 1.62133789 0.00000000 0.16552734 3.53735352 0.00000000 0.54614258 5.08813477
3.01391602 0.04589844 0.00000000 0.28344727 0.00000000 1.25683594 1.89990234 0.93676758 0.00756836 0.03271484 0.00000000 0.00000000 1.45092773 0.00000000 0.07055664 1.38134766
0.00000000 0.00000000 0.00000000 0.00000000 0.00000000 0.00000000 0.00000000 2.70532227 2.30883789 0.43725586 0.00000000 0.30737305 0.00000000 0.00000000 0.00000000 0.00000000
0.00000000 0.87744141 0.00000000 2.05175781 0.20410156 0.00000000 0.00000000 3.94238281 5.31909180 0.00000000 0.00000000 3.50878906 0.00000000 0.00000000 0.00000000 0.00000000
0.00000000 0.00000000 3.05249023 6.20776367 2.13037109 0.15161133 0.00000000 2.07250977 3.15551758 0.00000000 0.00000000 2.74145508 0.00000000 0.00000000 0.00000000 0.00000000
0.00000000 0.00000000 6.03198242 6.50268555 1.05761719 1.52709961 2.60522461 1.10766602 0.00000000 0.00000000 0.00000000 0.00000000 4.24291992 0.00000000 2.15014648 0.00000000
1.08642578 0.00000000 2.28881836 1.49658203 0.00000000 5.56713867 0.15698242 4.00341797 0.00000000 0.00000000 0.00000000 0.25537109 4.30908203 0.00000000 3.38330078 0.00000000
4.93774414 2.91699219 0.00000000 0.00000000 0.00000000 5.68798828 0.00000000 7.96997070 5.20874023 0.00000000 0.00000000 5.11962891 0.00000000 0.00000000 0.31054688 0.00000000
0.00000000 0.39013672 6.68383789 1.32739258 5.90332031 0.00000000 6.28540039 3.02661133 0.00000000 0.96948242 0.00000000 0.00000000 7.35864258 0.00000000 0.49145508 0.00000000
0.00000000 0.52709961 9.59570312 3.23925781 0.28637695 0.00000000 13.03808594 0.57690430 0.00000000 3.32666016 0.00000000 0.00000000 6.23266602 0.00000000 0.68725586 4.01098633
4.30200195 0.64624023 3.28833008 1.81250000 0.00000000 0.00000000 6.06372070 0.40429688 0.00000000 1.16918945 0.00000000 0.19750977 3.50170898 0.00000000 1.22192383 4.45996094
1.92065430 0.00000000 0.00000000 0.53222656 0.00000000 0.94458008 1.37915039 0.69116211 0.54174805 0.00000000 0.00000000 0.00000000 0.90283203 0.05468750 0.00000000 0.69750977
0.00000000 0.00000000 0.06835938 0.78710938 0.00000000 0.00000000 0.00000000 0.89331055 1.34765625 0.75976562 0.00000000 0.00000000 0.31518555 0.36401367 0.00000000 0.00000000
0.00000000 0.00000000 0.47900391 2.71142578 0.00000000 0.00000000 0.00000000 0.76538086 2.48974609 0.91015625 0.00000000 1.39868164 0.00000000 0.00000000 0.00000000 0.00000000
0.00000000 0.00000000 1.87695312 3.40478516 1.23730469 0.02099609 0.82153320 0.39477539 1.16894531 0.45776367 0.00000000 1.13549805 0.63037109 0.00000000 0.00000000 0.00000000
0.00000000 0.00000000 2.11474609 2.50195312 0.29687500 1.84619141 1.32421875 0.42480469 0.00000000 0.79907227 0.00000000 0.00000000 2.94653320 0.00000000 0.79711914 0.00000000
0.56225586 0.00000000 0.00000000 0.17407227 0.00000000 3.12719727 0.00000000 2.15405273 0.00000000 1.00781250 0.00000000 0.00000000 2.48510742 0.00000000 0.47119141 0.00000000
0.27514648 0.56665039 0.00000000 2.05053711 0.00000000 1.14160156 0.00000000 3.18383789 4.20629883 0.85156250 0.00000000 2.42846680 0.00000000 0.00000000 0.00000000 0.00000000
