0.00000000 0.01562500 0.50781250 0.13281250 0.50781250 0.09375000
0.17968750 0.00781250 0.77343750 0.09375000 0.87500000 0.58593750
0.38281250 0.01562500 0.38281250 0.04687500 0.25781250 0.14843750
0.12500000 0.06250000 0.00000000 0.06250000 0.00000000 0.00000000
0.12500000 0.06250000 0.00000000 0.06250000 0.00000000 0.00000000
0.09375000 0.04687500 0.09375000 0.04687500 0.03125000 0.00000000
0.03125000 0.01562500 0.82812500 0.07812500 0.53906250 0.10937500
0.00000000 0.00000000 2.32031250 0.25000000 1.87500000 0.57812500
0.17968750 0.00000000 2.52343750 0.08593750 1.82031250 0.75781250
0.00000000 0.00000000 2.56250000 0.32812500 1.93750000 0.62500000
0.00000000 0.00000000 3.66406250 0.41406250 3.41406250 1.25781250
0.45312500 0.00000000 3.25000000 0.15625000 3.10937500 1.63281250
0.80468750 0.00000000 1.35156250 0.00000000 0.89062500 0.46875000
0.16406250 0.04687500 0.07812500 0.04687500 0.00000000 0.05468750
0.00000000 0.22656250 0.46093750 0.07031250 0.44531250 0.08593750
0.19531250 0.00000000 1.42187500 0.25000000 1.84375000 1.09375000
0.92968750 0.00000000 0.99218750 0.00781250 0.80468750 0.56250000
0.12500000 0.06250000 0.00000000 0.06250000 0.00000000 0.00000000
0.12500000 0.06250000 0.00000000 0.06250000 0.00000000 0.00000000
0.00000000 0.00000000 0.60937500 0.17187500 0.51562500 0.04687500
0.00000000 0.00000000 1.97656250 0.30468750 2.10937500 0.62500000
0.00000000 0.00000000 4.50000000 0.27343750 4.92187500 2.23437500
0.29687500 0.00000000 5.52343750 0.19531250 5.78906250 3.03125000
0.36718750 0.25000000 3.92187500 0.06250000 4.18750000 2.47656250
0.12500000 1.19531250 2.73437500 0.00000000 3.52343750 2.43750000
0.45312500 0.05468750 3.52343750 0.03906250 4.21093750 2.92187500
1.62500000 0.00000000 2.58593750 0.00000000 2.54687500 1.77343750
0.42968750 0.03125000 0.41406250 0.03906250 0.18750000 0.17968750
0.06250000 0.03125000 0.42968750 0.05468750 0.30468750 0.00000000
0.12500000 0.00781250 1.74218750 0.16406250 2.54687500 1.56250000
1.48437500 0.31250000 1.17187500 0.00000000 1.06250000 1.02343750
0.12500000 0.06250000 0.00000000 0.06250000 0.00000000 0.00000000
0.12500000 0.06250000 0.00000000 0.06250000 0.00000000 0.00000000
0.00000000 0.44531250 0.23437500 0.04687500 0.37500000 0.17968750
0.00000000 0.92187500 0.94531250 0.00000000 1.39843750 0.92187500
0.00000000 0.84375000 3.22656250 0.16406250 4.84375000 2.88281250
1.94531250 2.10156250 3.37500000 0.00000000 5.11718750 4.43750000
1.05468750 1.30468750 2.71875000 0.00000000 3.48437500 2.68750000
0.10156250 0.07031250 3.78906250 0.24218750 4.28125000 2.39062500
0.60156250 0.21875000 4.17187500 0.06250000 5.35156250 3.33593750
2.50000000 1.16406250 1.70312500 0.00000000 2.25000000 2.49218750
0.60156250 0.44531250 0.14062500 0.03125000 0.17187500 0.17187500
0.06250000 0.03125000 0.43750000 0.03125000 0.29687500 0.00000000
0.18750000 0.01562500 1.67187500 0.18750000 2.62500000 1.71875000
1.70312500 0.37500000 1.07812500 0.00000000 1.07812500 1.10937500
0.06250000 0.03125000 0.17187500 0.08593750 0.09375000 0.00000000
0.03125000 0.00000000 0.63281250 0.20312500 0.67187500 0.24218750
0.28906250 0.05468750 0.44531250 0.06250000 0.37500000 0.24218750
0.00000000 0.00000000 1.36718750 0.17968750 1.32031250 0.25000000
0.16406250 0.76562500 2.92968750 0.17187500 4.48437500 2.84375000
2.20312500 1.74218750 1.67187500 0.00000000 2.50781250 2.72656250
0.06250000 0.12500000 2.69531250 0.20312500 3.53125000 1.69531250
0.68750000 0.92968750 4.03125000 0.02343750 5.45312500 3.66406250
1.75781250 2.89062500 1.78906250 0.00000000 3.11718750 3.24218750
1.88281250 1.52343750 0.20312500 0.00000000 0.67968750 1.22656250
0.42968750 0.20312500 0.00000000 0.03125000 0.00781250 0.06250000
0.00000000 0.00000000 1.05468750 0.10937500 0.82031250 0.03125000
0.39062500 0.00000000 2.28125000 0.25000000 3.24218750 1.96875000
1.68750000 0.32031250 1.20312500 0.00000000 1.05468750 1.11718750
0.00000000 0.00000000 1.07031250 0.14843750 0.88281250 0.17187500
0.32812500 0.00000000 1.43750000 0.07812500 1.53906250 0.91406250
0.62500000 0.24218750 0.45312500 0.01562500 0.27343750 0.42187500
0.00000000 0.84375000 0.70312500 0.04687500 1.10937500 0.43750000
0.78125000 1.89843750 0.83593750 0.00000000 2.25000000 2.39062500
1.14062500 0.92187500 0.72656250 0.00000000 0.89843750 0.80468750
0.00000000 0.16406250 3.14843750 0.18750000 4.32031250 2.18750000
2.12500000 1.97656250 2.35156250 0.00000000 3.57812500 3.58593750
2.00000000 1.37500000 0.10937500 0.00000000 0.57812500 1.20312500
0.64843750 0.26562500 0.00000000 0.01562500 0.01562500 0.14843750
0.12500000 0.06250000 0.00000000 0.06250000 0.00000000 0.00000000
0.00000000 0.00000000 1.70312500 0.11718750 1.72656250 0.46093750
0.81250000 0.35156250 2.05468750 0.07031250 2.97656250 2.40625000
1.16406250 0.49218750 0.88281250 0.00000000 0.71875000 0.75781250
0.00000000 0.00000000 2.11718750 0.32812500 2.48437500 1.00000000
1.06250000 0.30468750 1.66406250 0.05468750 1.92968750 1.64843750
0.62500000 0.39843750 0.13281250 0.01562500 0.21093750 0.21875000
0.00000000 0.80468750 0.06250000 0.04687500 0.25781250 0.25000000
0.65625000 0.75000000 0.00000000 0.03125000 0.29687500 0.66406250
0.18750000 0.00000000 1.36718750 0.08593750 1.32812500 0.20312500
0.25000000 0.17968750 3.30468750 0.20312500 4.74218750 2.94531250
2.51562500 0.71093750 1.91406250 0.00000000 2.07812500 2.30468750
0.51562500 0.25000000 0.59375000 0.06250000 0.55468750 0.34375000
0.28125000 0.03125000 0.31250000 0.03125000 0.09375000 0.14062500
0.12500000 0.06250000 0.00000000 0.06250000 0.00000000 0.00000000
0.00000000 0.00000000 2.85156250 0.34375000 3.29687500 1.28906250
1.71093750 0.10156250 2.44531250 0.03906250 3.03125000 2.52343750
0.71093750 0.03125000 1.29687500 0.07812500 1.06250000 0.35156250
0.17968750 0.13281250 2.37500000 0.16406250 3.42187500 2.03906250
2.03906250 0.81250000 1.05468750 0.00000000 1.22656250 1.56250000
0.42968750 0.20312500 0.00000000 0.03125000 0.00781250 0.06250000
0.12500000 0.06250000 0.00000000 0.06250000 0.00000000 0.00000000
0.09375000 0.04687500 0.09375000 0.04687500 0.03125000 0.00000000
0.00000000 0.00000000 2.14062500 0.10156250 2.16406250 0.53906250
0.46875000 0.00000000 4.35156250 0.14062500 5.52343750 3.60156250
1.83593750 0.00000000 3.65625000 0.02343750 3.54687500 2.18750000
0.00000000 0.00000000 3.25000000 0.25000000 3.03906250 1.39062500
0.47656250 0.00000000 3.08593750 0.14062500 2.85156250 1.25781250
0.70312500 0.00000000 1.28125000 0.01562500 0.72656250 0.46093750
0.00000000 0.46093750 2.40625000 0.15625000 3.64843750 2.04687500
2.08593750 0.83593750 1.97656250 0.00000000 2.42968750 2.43750000
0.03125000 0.00000000 2.41406250 0.15625000 2.57812500 0.83593750
0.96875000 0.17187500 2.50781250 0.04687500 3.29687500 2.57031250
1.53906250 0.82812500 0.54687500 0.00000000 0.50781250 0.83593750
0.12500000 0.06250000 0.00000000 0.06250000 0.00000000 0.00000000
0.12500000 0.06250000 0.00000000 0.06250000 0.00000000 0.00000000
0.06250000 0.03125000 0.40625000 0.07812500 0.23437500 0.00000000
0.00000000 0.00000000 3.18750000 0.35156250 3.57031250 1.17968750
0.96875000 0.50000000 4.54687500 0.10156250 6.21875000 4.19531250
2.08593750 2.13281250 2.20312500 0.00000000 3.06250000 2.86718750
0.11718750 1.38281250 1.67187500 0.00000000 2.63281250 1.76562500
0.06250000 0.00781250 3.89062500 0.11718750 4.60156250 2.79687500
1.23437500 0.00000000 3.74218750 0.00781250 3.65625000 2.15625000
0.22656250 0.07812500 2.62500000 0.21875000 3.76562500 2.31250000
1.66406250 0.22656250 1.88281250 0.00000000 1.78125000 1.64843750
0.00000000 0.03906250 2.64062500 0.14843750 3.54687500 1.84375000
1.94531250 1.00000000 1.77343750 0.00000000 2.33593750 2.51562500
0.92968750 0.53906250 0.04687500 0.01562500 0.19531250 0.28125000
0.12500000 0.06250000 0.00000000 0.06250000 0.00000000 0.00000000
0.12500000 0.06250000 0.00000000 0.06250000 0.00000000 0.00000000
0.06250000 0.03125000 0.42968750 0.05468750 0.30468750 0.00000000
0.00000000 0.27343750 3.14843750 0.14843750 4.26562500 2.07031250
2.08593750 2.03125000 2.87500000 0.00000000 4.41406250 4.08593750
2.34375000 1.76562500 0.32812500 0.00000000 0.77343750 1.57031250
0.29687500 1.08593750 0.36718750 0.02343750 0.63281250 0.40625000
0.00000000 0.14843750 3.25781250 0.15625000 4.75781250 2.66406250
2.24218750 0.07812500 4.28906250 0.00000000 5.37500000 4.06250000
0.62500000 0.00000000 3.38281250 0.21093750 4.56250000 3.03125000
0.85156250 0.00000000 3.40625000 0.00000000 2.90625000 1.50781250
0.38281250 0.03906250 3.31250000 0.19531250 4.46875000 2.86718750
2.51562500 0.70312500 1.34375000 0.00000000 1.48437500 1.79687500
0.42968750 0.20312500 0.00000000 0.03125000 0.00781250 0.06250000
0.12500000 0.06250000 0.00000000 0.06250000 0.00000000 0.00000000
0.12500000 0.06250000 0.00000000 0.06250000 0.00000000 0.00000000
0.06250000 0.35156250 0.17187500 0.04687500 0.17187500 0.00000000
0.00000000 1.54687500 1.39062500 0.07812500 2.78125000 1.85156250
2.18750000 1.98437500 0.85937500 0.00000000 1.98437500 2.49218750
0.92968750 0.53906250 0.04687500 0.01562500 0.19531250 0.28125000
0.06250000 0.14062500 0.34375000 0.04687500 0.26562500 0.00000000
0.00000000 0.76562500 2.65625000 0.18750000 4.03906250 2.05468750
2.29687500 1.79687500 2.70312500 0.00000000 4.53906250 4.13281250
0.45312500 0.03125000 3.46093750 0.10156250 4.87500000 3.41406250
0.53125000 0.00000000 4.69531250 0.01562500 4.99218750 2.60156250
1.45312500 0.42187500 3.41406250 0.06250000 4.60156250 3.63281250
1.99218750 1.07812500 0.79687500 0.00000000 0.87500000 1.14843750
0.12500000 0.06250000 0.00000000 0.06250000 0.00000000 0.00000000
0.12500000 0.06250000 0.00000000 0.06250000 0.00000000 0.00000000
0.12500000 0.06250000 0.00000000 0.06250000 0.00000000 0.00000000
0.06250000 0.36718750 0.00781250 0.03125000 0.00781250 0.00781250
0.09375000 1.29687500 0.03125000 0.05468750 0.67187500 0.75000000
1.26562500 0.86718750 0.00000000 0.01562500 0.26562500 0.78906250
0.42968750 0.20312500 0.00000000 0.03125000 0.00781250 0.06250000
0.06250000 0.45312500 0.04687500 0.03125000 0.06250000 0.00000000
0.00781250 2.05468750 0.44531250 0.00000000 1.60156250 1.36718750
1.85937500 2.21093750 0.21875000 0.00000000 1.29687500 2.11718750
0.00000000 0.03125000 3.31250000 0.11718750 4.59375000 2.75000000
0.43750000 0.10937500 5.50000000 0.00000000 6.80468750 4.17968750
2.77343750 0.88281250 2.98437500 0.00000000 3.78906250 3.57031250
1.50781250 0.58593750 0.29687500 0.00000000 0.28906250 0.59375000
0.12500000 0.06250000 0.00000000 0.06250000 0.00000000 0.00000000
0.12500000 0.06250000 0.00000000 0.06250000 0.00000000 0.00000000
0.12500000 0.06250000 0.00000000 0.06250000 0.00000000 0.00000000
0.12500000 0.06250000 0.00000000 0.06250000 0.00000000 0.00000000
0.12500000 0.06250000 0.00000000 0.06250000 0.00000000 0.00000000
0.12500000 0.06250000 0.00000000 0.06250000 0.00000000 0.00000000
0.12500000 0.06250000 0.00000000 0.06250000 0.00000000 0.00000000
0.09375000 0.17187500 0.00781250 0.04687500 0.00000000 0.00781250
0.11718750 0.52343750 0.00000000 0.08593750 0.13281250 0.23437500
0.51562500 0.24218750 0.00000000 0.04687500 0.03906250 0.23437500
0.00000000 0.92187500 2.10156250 0.06250000 3.42968750 1.84375000
1.07812500 2.11718750 3.60156250 0.00000000 5.97656250 4.57031250
3.00000000 1.73437500 1.69531250 0.00000000 2.45312500 2.73437500
0.71093750 0.47656250 0.09375000 0.03125000 0.17968750 0.19531250
0.12500000 0.06250000 0.00000000 0.06250000 0.00000000 0.00000000
0.12500000 0.06250000 0.00000000 0.06250000 0.00000000 0.00000000
0.12500000 0.06250000 0.00000000 0.06250000 0.00000000 0.00000000
0.12500000 0.06250000 0.00000000 0.06250000 0.00000000 0.00000000
0.12500000 0.06250000 0.00000000 0.06250000 0.00000000 0.00000000
0.12500000 0.06250000 0.00000000 0.06250000 0.00000000 0.00000000
0.12500000 0.06250000 0.00000000 0.06250000 0.00000000 0.00000000
0.12500000 0.06250000 0.00000000 0.06250000 0.00000000 0.00000000
0.12500000 0.06250000 0.00000000 0.06250000 0.00000000 0.00000000
0.12500000 0.06250000 0.00000000 0.06250000 0.00000000 0.00000000
0.00000000 1.87500000 0.26562500 0.02343750 1.10156250 0.87500000
1.17187500 2.72656250 0.31250000 0.00000000 1.91406250 2.50000000
2.04687500 1.57812500 0.03906250 0.00000000 0.51562500 1.22656250
0.42968750 0.20312500 0.00000000 0.03125000 0.00781250 0.06250000
0.12500000 0.06250000 0.00000000 0.06250000 0.00000000 0.00000000
0.12500000 0.06250000 0.00000000 0.06250000 0.00000000 0.00000000
0.12500000 0.06250000 0.00000000 0.06250000 0.00000000 0.00000000
0.12500000 0.06250000 0.00000000 0.06250000 0.00000000 0.00000000
0.12500000 0.06250000 0.00000000 0.06250000 0.00000000 0.00000000
0.12500000 0.06250000 0.00000000 0.06250000 0.00000000 0.00000000
0.12500000 0.06250000 0.00000000 0.06250000 0.00000000 0.00000000
0.12500000 0.06250000 0.00000000 0.06250000 0.00000000 0.00000000
0.12500000 0.06250000 0.00000000 0.06250000 0.00000000 0.00000000
0.12500000 0.06250000 0.00000000 0.06250000 0.00000000 0.00000000
