0.00000000 0.00000000 0.31250000 0.21875000 0.25000000 0.00000000
0.00000000 0.00000000 0.59375000 0.31250000 0.78125000 0.06250000
0.06250000 0.00000000 0.65625000 0.25000000 0.84375000 0.43750000
0.25000000 0.03125000 0.43750000 0.03125000 0.62500000 0.28125000
0.46875000 0.00000000 0.43750000 0.12500000 0.28125000 0.03125000
0.12500000 0.06250000 0.00000000 0.06250000 0.00000000 0.00000000
0.12500000 0.06250000 0.00000000 0.06250000 0.00000000 0.00000000
0.12500000 0.06250000 0.00000000 0.06250000 0.00000000 0.00000000
0.12500000 0.06250000 0.00000000 0.06250000 0.00000000 0.00000000
0.12500000 0.06250000 0.00000000 0.06250000 0.00000000 0.00000000
0.12500000 0.06250000 0.00000000 0.06250000 0.00000000 0.00000000
0.12500000 0.06250000 0.00000000 0.06250000 0.00000000 0.00000000
0.12500000 0.06250000 0.00000000 0.06250000 0.00000000 0.00000000
0.00000000 0.00000000 0.37500000 0.00000000 0.12500000 0.00000000
0.00000000 0.00000000 0.96875000 0.00000000 0.59375000 0.12500000
0.00000000 0.00000000 1.28125000 0.18750000 1.06250000 0.46875000
0.37500000 0.00000000 1.31250000 0.12500000 1.03125000 0.37500000
0.34375000 0.00000000 1.31250000 0.00000000 0.50000000 0.25000000
0.00000000 0.00000000 1.28125000 0.00000000 0.53125000 0.34375000
0.00000000 0.00000000 1.96875000 0.25000000 1.43750000 0.31250000
0.00000000 0.00000000 3.18750000 0.43750000 2.65625000 0.50000000
0.00000000 0.00000000 3.84375000 0.37500000 3.18750000 1.21875000
0.18750000 0.00000000 3.31250000 0.18750000 2.90625000 1.53125000
1.00000000 0.00000000 2.50000000 0.06250000 1.87500000 0.90625000
0.93750000 0.00000000 1.37500000 0.00000000 0.65625000 0.37500000
0.28125000 0.00000000 0.31250000 0.00000000 0.00000000 0.21875000
0.12500000 0.06250000 0.00000000 0.06250000 0.00000000 0.00000000
0.12500000 0.06250000 0.00000000 0.06250000 0.00000000 0.00000000
0.00000000 0.06250000 0.25000000 0.00000000 0.18750000 0.00000000
0.00000000 0.00000000 0.87500000 0.00000000 0.81250000 0.31250000
0.00000000 0.00000000 0.90625000 0.00000000 1.00000000 0.81250000
0.40625000 0.00000000 1.09375000 0.09375000 1.03125000 0.81250000
0.65625000 0.00000000 0.78125000 0.00000000 0.75000000 0.34375000
0.28125000 0.00000000 0.31250000 0.00000000 0.00000000 0.21875000
0.12500000 0.06250000 0.00000000 0.06250000 0.00000000 0.00000000
0.12500000 0.06250000 0.00000000 0.06250000 0.00000000 0.00000000
0.12500000 0.06250000 0.00000000 0.06250000 0.00000000 0.00000000
0.12500000 0.06250000 0.00000000 0.06250000 0.00000000 0.00000000
0.12500000 0.06250000 0.00000000 0.06250000 0.00000000 0.00000000
0.00000000 0.00000000 0.37500000 0.00000000 0.12500000 0.00000000
0.00000000 0.00000000 0.96875000 0.00000000 0.59375000 0.12500000
0.00000000 0.00000000 1.96875000 0.25000000 1.43750000 0.31250000
0.00000000 0.00000000 3.18750000 0.43750000 2.65625000 0.50000000
0.00000000 0.00000000 3.84375000 0.37500000 3.18750000 1.21875000
0.00000000 0.00000000 3.68750000 0.09375000 3.03125000 1.43750000
0.00000000 0.00000000 3.78125000 0.12500000 2.71875000 0.96875000
0.00000000 0.00000000 3.56250000 0.50000000 2.75000000 0.84375000
0.00000000 0.00000000 3.43750000 0.56250000 3.03125000 1.00000000
0.00000000 0.00000000 3.68750000 0.40625000 3.75000000 1.43750000
0.00000000 0.00000000 3.93750000 0.43750000 4.06250000 1.87500000
0.00000000 0.00000000 3.81250000 0.28125000 4.09375000 2.09375000
0.62500000 0.00000000 3.37500000 0.09375000 3.56250000 2.00000000
1.06250000 0.00000000 2.34375000 0.00000000 2.25000000 0.90625000
0.93750000 0.00000000 1.37500000 0.00000000 0.65625000 0.37500000
0.28125000 0.00000000 0.31250000 0.00000000 0.00000000 0.21875000
0.12500000 0.06250000 0.00000000 0.06250000 0.00000000 0.00000000
0.00000000 0.40625000 0.00000000 0.09375000 0.06250000 0.00000000
0.00000000 0.00000000 0.93750000 0.00000000 0.90625000 0.21875000
0.00000000 0.00000000 1.21875000 0.15625000 1.75000000 0.75000000
0.43750000 0.00000000 1.53125000 0.21875000 1.62500000 1.06250000
0.90625000 0.00000000 1.03125000 0.00000000 0.93750000 0.46875000
0.62500000 0.00000000 0.75000000 0.03125000 0.21875000 0.25000000
0.12500000 0.06250000 0.00000000 0.06250000 0.00000000 0.00000000
0.12500000 0.06250000 0.00000000 0.06250000 0.00000000 0.00000000
0.12500000 0.06250000 0.00000000 0.06250000 0.00000000 0.00000000
0.12500000 0.06250000 0.00000000 0.06250000 0.00000000 0.00000000
0.00000000 0.00000000 0.37500000 0.00000000 0.12500000 0.00000000
0.00000000 0.00000000 0.90625000 0.21875000 0.71875000 0.15625000
0.00000000 0.00000000 1.59375000 0.59375000 1.62500000 0.25000000
0.00000000 0.00000000 2.81250000 0.43750000 2.62500000 0.43750000
0.00000000 0.00000000 4.03125000 0.37500000 3.90625000 1.43750000
0.00000000 0.00000000 4.90625000 0.65625000 5.18750000 2.12500000
0.00000000 0.00000000 5.43750000 0.50000000 5.37500000 2.40625000
0.06250000 0.00000000 5.46875000 0.28125000 5.15625000 2.31250000
0.37500000 0.00000000 4.65625000 0.21875000 4.68750000 2.00000000
0.15625000 0.00000000 3.43750000 0.03125000 3.59375000 1.96875000
0.00000000 0.78125000 2.81250000 0.00000000 3.28125000 2.34375000
0.00000000 0.87500000 3.03125000 0.00000000 3.84375000 2.46875000
0.00000000 0.21875000 3.46875000 0.00000000 4.28125000 2.75000000
0.50000000 0.00000000 3.56250000 0.09375000 4.03125000 2.78125000
1.34375000 0.00000000 2.93750000 0.00000000 3.12500000 1.93750000
1.28125000 0.00000000 1.96875000 0.00000000 1.59375000 0.87500000
0.62500000 0.00000000 0.75000000 0.03125000 0.21875000 0.25000000
0.12500000 0.06250000 0.00000000 0.06250000 0.00000000 0.00000000
0.00000000 0.50000000 0.03125000 0.00000000 0.00000000 0.03125000
0.00000000 0.00000000 0.87500000 0.18750000 0.81250000 0.09375000
0.00000000 0.00000000 1.46875000 0.28125000 2.00000000 1.03125000
0.34375000 0.00000000 1.46875000 0.34375000 2.00000000 1.53125000
1.34375000 0.00000000 1.28125000 0.00000000 1.53125000 1.06250000
0.84375000 0.00000000 0.90625000 0.00000000 0.53125000 0.46875000
0.12500000 0.06250000 0.00000000 0.06250000 0.00000000 0.00000000
0.12500000 0.06250000 0.00000000 0.06250000 0.00000000 0.00000000
0.12500000 0.06250000 0.00000000 0.06250000 0.00000000 0.00000000
0.12500000 0.06250000 0.00000000 0.06250000 0.00000000 0.00000000
0.00000000 0.00000000 0.31250000 0.21875000 0.25000000 0.00000000
0.00000000 0.00000000 0.84375000 0.25000000 0.96875000 0.03125000
0.00000000 0.00000000 1.40625000 0.18750000 1.71875000 0.81250000
0.00000000 0.00000000 2.09375000 0.00000000 2.46875000 1.00000000
0.00000000 0.00000000 3.93750000 0.06250000 4.34375000 1.96875000
0.00000000 0.00000000 5.12500000 0.00000000 6.25000000 3.40625000
0.03125000 0.00000000 5.75000000 0.00000000 6.84375000 3.90625000
1.09375000 0.00000000 5.43750000 0.00000000 5.78125000 3.50000000
0.87500000 0.06250000 4.34375000 0.00000000 4.68750000 3.12500000
0.06250000 0.93750000 3.25000000 0.00000000 3.78125000 2.81250000
0.34375000 2.00000000 2.62500000 0.00000000 3.59375000 2.71875000
0.15625000 1.12500000 2.46875000 0.00000000 3.37500000 2.21875000
0.21875000 0.00000000 3.59375000 0.00000000 4.06250000 2.71875000
1.09375000 0.00000000 3.46875000 0.06250000 4.46875000 3.43750000
1.90625000 0.00000000 3.09375000 0.00000000 3.56250000 2.78125000
1.96875000 0.00000000 2.34375000 0.00000000 1.90625000 1.50000000
0.84375000 0.00000000 0.90625000 0.00000000 0.53125000 0.46875000
0.12500000 0.06250000 0.00000000 0.06250000 0.00000000 0.00000000
0.12500000 0.06250000 0.00000000 0.06250000 0.00000000 0.00000000
0.00000000 0.00000000 0.84375000 0.09375000 0.62500000 0.00000000
0.00000000 0.00000000 1.93750000 0.12500000 2.46875000 1.06250000
0.12500000 0.00000000 1.68750000 0.15625000 2.46875000 1.75000000
1.34375000 0.18750000 1.65625000 0.00000000 1.68750000 1.34375000
1.18750000 0.31250000 0.87500000 0.00000000 0.40625000 0.53125000
0.12500000 0.06250000 0.00000000 0.06250000 0.00000000 0.00000000
0.12500000 0.06250000 0.00000000 0.06250000 0.00000000 0.00000000
0.12500000 0.06250000 0.00000000 0.06250000 0.00000000 0.00000000
0.12500000 0.06250000 0.00000000 0.06250000 0.00000000 0.00000000
0.00000000 0.06250000 0.25000000 0.00000000 0.18750000 0.00000000
0.00000000 0.56250000 0.40625000 0.09375000 0.75000000 0.31250000
0.00000000 0.90625000 0.46875000 0.00000000 1.12500000 0.87500000
0.00000000 0.90625000 1.56250000 0.00000000 2.06250000 1.15625000
0.00000000 1.28125000 3.12500000 0.00000000 4.31250000 2.15625000
0.00000000 0.71875000 3.96875000 0.28125000 5.81250000 3.68750000
1.00000000 0.84375000 4.40625000 0.00000000 6.37500000 4.46875000
2.53125000 2.12500000 3.84375000 0.00000000 5.28125000 4.43750000
1.50000000 2.21875000 2.96875000 0.00000000 3.84375000 3.43750000
0.65625000 1.34375000 2.81250000 0.00000000 3.50000000 2.50000000
0.40625000 0.28125000 2.78125000 0.15625000 3.50000000 2.43750000
0.00000000 0.00000000 3.18750000 0.18750000 3.81250000 2.09375000
0.00000000 0.00000000 4.25000000 0.25000000 5.21875000 2.75000000
1.34375000 0.00000000 3.81250000 0.00000000 5.25000000 3.65625000
2.43750000 0.28125000 2.59375000 0.00000000 3.56250000 3.40625000
2.53125000 1.18750000 1.71875000 0.00000000 1.68750000 1.84375000
1.03125000 0.71875000 0.56250000 0.00000000 0.46875000 0.31250000
0.12500000 0.06250000 0.00000000 0.06250000 0.00000000 0.00000000
0.12500000 0.06250000 0.00000000 0.06250000 0.00000000 0.00000000
0.00000000 0.00000000 0.87500000 0.00000000 0.59375000 0.00000000
0.00000000 0.00000000 1.87500000 0.25000000 2.71875000 1.34375000
0.37500000 0.03125000 1.46875000 0.12500000 2.53125000 2.09375000
1.78125000 0.31250000 1.46875000 0.00000000 1.71875000 1.59375000
1.62500000 0.43750000 0.68750000 0.00000000 0.43750000 0.62500000
0.12500000 0.06250000 0.00000000 0.06250000 0.00000000 0.00000000
0.12500000 0.06250000 0.00000000 0.06250000 0.00000000 0.00000000
0.12500000 0.06250000 0.00000000 0.06250000 0.00000000 0.00000000
0.12500000 0.06250000 0.00000000 0.06250000 0.00000000 0.00000000
0.00000000 0.40625000 0.00000000 0.09375000 0.06250000 0.00000000
0.00000000 0.75000000 0.28125000 0.00000000 0.50000000 0.40625000
0.00000000 1.00000000 0.37500000 0.00000000 0.84375000 0.68750000
0.00000000 0.87500000 1.37500000 0.00000000 1.56250000 0.96875000
0.00000000 0.50000000 2.62500000 0.37500000 3.75000000 2.09375000
0.00000000 0.87500000 3.18750000 0.00000000 5.50000000 3.59375000
1.71875000 2.34375000 3.00000000 0.00000000 5.12500000 4.75000000
2.53125000 3.09375000 2.25000000 0.00000000 3.68750000 4.09375000
1.65625000 1.65625000 2.06250000 0.00000000 3.00000000 2.71875000
0.40625000 0.00000000 3.03125000 0.00000000 3.59375000 2.09375000
0.00000000 0.00000000 4.25000000 0.46875000 4.65625000 2.34375000
0.00000000 0.00000000 4.93750000 0.15625000 5.15625000 2.68750000
0.00000000 0.00000000 5.18750000 0.00000000 5.93750000 3.15625000
1.06250000 0.87500000 3.43750000 0.00000000 5.00000000 3.78125000
2.34375000 1.43750000 1.71875000 0.00000000 2.59375000 3.12500000
2.68750000 1.75000000 0.78125000 0.00000000 1.15625000 1.59375000
1.12500000 0.93750000 0.00000000 0.00000000 0.21875000 0.37500000
0.12500000 0.06250000 0.00000000 0.06250000 0.00000000 0.00000000
0.12500000 0.06250000 0.00000000 0.06250000 0.00000000 0.00000000
0.00000000 0.00000000 0.87500000 0.00000000 0.59375000 0.00000000
0.00000000 0.00000000 1.87500000 0.25000000 2.71875000 1.34375000
0.37500000 0.03125000 1.46875000 0.12500000 2.53125000 2.09375000
1.78125000 0.31250000 1.46875000 0.00000000 1.71875000 1.59375000
1.62500000 0.43750000 0.68750000 0.00000000 0.43750000 0.62500000
0.12500000 0.06250000 0.00000000 0.06250000 0.00000000 0.00000000
0.00000000 0.00000000 0.37500000 0.00000000 0.12500000 0.00000000
0.00000000 0.00000000 0.59375000 0.06250000 0.46875000 0.21875000
0.06250000 0.00000000 0.68750000 0.18750000 0.59375000 0.25000000
0.31250000 0.00000000 0.65625000 0.00000000 0.40625000 0.15625000
0.12500000 0.18750000 0.25000000 0.09375000 0.18750000 0.50000000
0.00000000 0.00000000 0.46875000 0.09375000 0.43750000 0.18750000
0.00000000 0.00000000 1.87500000 0.25000000 1.87500000 0.28125000
0.00000000 0.00000000 3.21875000 0.28125000 4.40625000 2.03125000
0.00000000 1.09375000 3.15625000 0.00000000 5.09375000 3.50000000
2.09375000 2.03125000 2.56250000 0.00000000 3.78125000 3.93750000
2.56250000 1.78125000 1.53125000 0.00000000 2.28125000 2.75000000
0.25000000 0.40625000 1.75000000 0.00000000 2.37500000 1.34375000
0.00000000 0.00000000 3.34375000 0.46875000 4.34375000 1.96875000
0.00000000 0.00000000 4.46875000 0.09375000 6.00000000 3.00000000
0.68750000 0.37500000 4.68750000 0.00000000 5.46875000 3.46875000
0.96875000 2.62500000 3.50000000 0.00000000 4.53125000 3.78125000
1.43750000 2.71875000 1.71875000 0.00000000 3.40625000 3.21875000
2.37500000 2.06250000 0.81250000 0.00000000 1.81250000 2.25000000
2.00000000 1.59375000 0.00000000 0.00000000 0.43750000 1.00000000
0.90625000 0.50000000 0.00000000 0.00000000 0.00000000 0.15625000
0.12500000 0.06250000 0.00000000 0.06250000 0.00000000 0.00000000
0.12500000 0.06250000 0.00000000 0.06250000 0.00000000 0.00000000
0.00000000 0.00000000 0.87500000 0.00000000 0.59375000 0.00000000
0.00000000 0.00000000 1.87500000 0.25000000 2.71875000 1.34375000
0.37500000 0.03125000 1.46875000 0.12500000 2.53125000 2.09375000
1.78125000 0.31250000 1.46875000 0.00000000 1.71875000 1.59375000
1.62500000 0.43750000 0.68750000 0.00000000 0.43750000 0.62500000
0.12500000 0.06250000 0.00000000 0.06250000 0.00000000 0.00000000
0.00000000 0.00000000 0.31250000 0.21875000 0.25000000 0.00000000
0.00000000 0.00000000 0.59375000 0.31250000 0.78125000 0.06250000
0.06250000 0.00000000 0.65625000 0.25000000 0.84375000 0.43750000
0.25000000 0.03125000 0.43750000 0.03125000 0.62500000 0.28125000
0.46875000 0.00000000 0.43750000 0.12500000 0.28125000 0.03125000
0.00000000 0.00000000 0.93750000 0.06250000 0.56250000 0.00000000
0.00000000 0.00000000 2.18750000 0.31250000 2.40625000 0.53125000
0.00000000 0.50000000 2.87500000 0.40625000 4.25000000 2.34375000
0.65625000 1.46875000 2.46875000 0.00000000 4.18750000 3.50000000
2.50000000 2.15625000 1.50000000 0.00000000 2.62500000 3.03125000
1.65625000 1.00000000 1.09375000 0.00000000 1.34375000 1.18750000
0.00000000 0.00000000 2.15625000 0.12500000 2.46875000 0.84375000
0.00000000 0.09375000 3.53125000 0.21875000 4.93750000 2.62500000
0.00000000 0.90625000 3.78125000 0.00000000 5.75000000 4.00000000
2.06250000 2.43750000 3.18750000 0.00000000 4.59375000 4.18750000
2.40625000 3.21875000 1.65625000 0.00000000 2.87500000 3.56250000
2.21875000 3.00000000 0.28125000 0.00000000 1.65625000 2.40625000
1.81250000 1.81250000 0.00000000 0.00000000 0.46875000 1.25000000
1.34375000 0.62500000 0.00000000 0.00000000 0.00000000 0.40625000
0.56250000 0.18750000 0.00000000 0.00000000 0.03125000 0.09375000
0.12500000 0.06250000 0.00000000 0.06250000 0.00000000 0.00000000
0.00000000 0.00000000 0.37500000 0.00000000 0.12500000 0.00000000
0.00000000 0.00000000 1.46875000 0.00000000 1.06250000 0.00000000
0.00000000 0.00000000 2.56250000 0.37500000 3.31250000 1.59375000
0.68750000 0.00000000 2.09375000 0.06250000 2.96875000 2.21875000
1.93750000 0.00000000 1.78125000 0.00000000 1.65625000 1.81250000
1.62500000 0.43750000 0.68750000 0.00000000 0.43750000 0.62500000
0.00000000 0.00000000 0.37500000 0.00000000 0.12500000 0.00000000
0.00000000 0.00000000 0.84375000 0.00000000 0.65625000 0.18750000
0.00000000 0.00000000 1.18750000 0.18750000 1.28125000 0.65625000
0.34375000 0.00000000 0.93750000 0.00000000 0.96875000 0.71875000
0.62500000 0.00000000 0.71875000 0.00000000 0.37500000 0.78125000
0.34375000 0.50000000 0.15625000 0.00000000 0.31250000 0.21875000
0.00000000 0.00000000 0.46875000 0.18750000 0.50000000 0.00000000
0.00000000 0.75000000 1.53125000 0.00000000 2.21875000 0.75000000
0.00000000 1.68750000 1.71875000 0.00000000 3.31250000 2.59375000
1.25000000 2.34375000 1.09375000 0.00000000 2.59375000 2.90625000
2.50000000 1.96875000 0.75000000 0.00000000 1.18750000 1.84375000
0.31250000 0.56250000 0.59375000 0.00000000 0.87500000 0.34375000
0.00000000 0.00000000 2.62500000 0.00000000 3.09375000 0.90625000
0.00000000 0.37500000 3.50000000 0.25000000 5.21875000 3.03125000
0.71875000 1.71875000 3.25000000 0.00000000 5.03125000 4.03125000
2.75000000 2.53125000 2.37500000 0.00000000 3.43750000 3.62500000
2.81250000 2.37500000 0.43750000 0.00000000 1.46875000 2.34375000
2.03125000 1.50000000 0.00000000 0.00000000 0.18750000 1.12500000
1.34375000 0.62500000 0.00000000 0.00000000 0.00000000 0.40625000
0.56250000 0.18750000 0.00000000 0.00000000 0.03125000 0.09375000
0.12500000 0.06250000 0.00000000 0.06250000 0.00000000 0.00000000
0.12500000 0.06250000 0.00000000 0.06250000 0.00000000 0.00000000
0.00000000 0.00000000 0.68750000 0.12500000 0.37500000 0.00000000
0.00000000 0.00000000 1.68750000 0.31250000 1.71875000 0.12500000
0.00000000 0.00000000 2.62500000 0.56250000 3.68750000 1.81250000
0.87500000 0.00000000 1.84375000 0.00000000 3.00000000 2.25000000
1.96875000 0.43750000 1.59375000 0.00000000 1.50000000 1.71875000
1.21875000 0.40625000 0.75000000 0.00000000 0.62500000 0.31250000
0.00000000 0.00000000 1.28125000 0.12500000 0.84375000 0.06250000
0.00000000 0.00000000 1.78125000 0.46875000 1.90625000 0.43750000
0.03125000 0.00000000 2.21875000 0.12500000 2.40625000 1.18750000
0.93750000 0.00000000 1.40625000 0.00000000 1.50000000 1.09375000
1.06250000 0.09375000 0.93750000 0.00000000 0.40625000 0.62500000
0.46875000 0.37500000 0.00000000 0.06250000 0.00000000 0.06250000
0.00000000 0.84375000 0.18750000 0.00000000 0.21875000 0.00000000
0.00000000 1.78125000 0.62500000 0.00000000 1.50000000 1.00000000
0.06250000 1.84375000 0.31250000 0.00000000 1.87500000 2.06250000
1.81250000 1.71875000 0.21875000 0.00000000 1.21875000 2.00000000
1.75000000 1.15625000 0.31250000 0.00000000 0.56250000 0.90625000
0.00000000 0.00000000 1.25000000 0.00000000 0.96875000 0.12500000
0.00000000 0.00000000 3.06250000 0.37500000 3.78125000 1.43750000
0.00000000 0.28125000 3.40625000 0.12500000 5.18750000 3.37500000
1.96875000 1.46875000 2.53125000 0.00000000 3.81250000 3.96875000
3.06250000 2.18750000 1.25000000 0.00000000 2.03125000 2.71875000
2.15625000 1.31250000 0.00000000 0.00000000 0.59375000 1.00000000
1.00000000 0.31250000 0.00000000 0.00000000 0.06250000 0.34375000
0.56250000 0.18750000 0.00000000 0.00000000 0.03125000 0.09375000
0.12500000 0.06250000 0.00000000 0.06250000 0.00000000 0.00000000
0.12500000 0.06250000 0.00000000 0.06250000 0.00000000 0.00000000
0.12500000 0.06250000 0.00000000 0.06250000 0.00000000 0.00000000
0.00000000 0.00000000 0.93750000 0.06250000 0.56250000 0.00000000
0.00000000 0.00000000 1.87500000 0.15625000 2.15625000 0.59375000
0.00000000 0.21875000 2.34375000 0.25000000 3.43750000 2.34375000
1.28125000 0.65625000 1.59375000 0.00000000 2.59375000 2.37500000
2.06250000 0.90625000 1.31250000 0.00000000 1.18750000 1.65625000
0.53125000 0.09375000 0.62500000 0.00000000 0.59375000 0.21875000
0.00000000 0.00000000 1.75000000 0.40625000 1.68750000 0.18750000
0.00000000 0.00000000 2.46875000 0.50000000 2.87500000 1.18750000
0.25000000 0.00000000 1.96875000 0.21875000 2.68750000 1.71875000
1.34375000 0.12500000 1.37500000 0.00000000 1.34375000 1.43750000
1.12500000 0.53125000 0.40625000 0.00000000 0.62500000 0.50000000
0.56250000 0.18750000 0.00000000 0.00000000 0.03125000 0.09375000
0.00000000 0.84375000 0.00000000 0.00000000 0.03125000 0.00000000
0.00000000 1.28125000 0.21875000 0.00000000 0.75000000 0.68750000
0.43750000 1.34375000 0.00000000 0.00000000 0.81250000 1.09375000
1.25000000 1.06250000 0.00000000 0.00000000 0.28125000 0.96875000
0.75000000 0.00000000 0.28125000 0.03125000 0.31250000 0.25000000
0.00000000 0.00000000 1.87500000 0.09375000 1.87500000 0.12500000
0.00000000 0.00000000 3.40625000 0.40625000 4.37500000 1.93750000
0.28125000 0.31250000 3.21875000 0.00000000 5.06250000 3.56250000
2.65625000 0.81250000 2.34375000 0.00000000 3.03125000 3.25000000
2.84375000 1.34375000 1.09375000 0.00000000 1.09375000 1.81250000
1.12500000 0.93750000 0.00000000 0.00000000 0.21875000 0.37500000
0.12500000 0.06250000 0.00000000 0.06250000 0.00000000 0.00000000
0.12500000 0.06250000 0.00000000 0.06250000 0.00000000 0.00000000
0.12500000 0.06250000 0.00000000 0.06250000 0.00000000 0.00000000
0.12500000 0.06250000 0.00000000 0.06250000 0.00000000 0.00000000
0.12500000 0.06250000 0.00000000 0.06250000 0.00000000 0.00000000
0.00000000 0.00000000 1.43750000 0.09375000 1.09375000 0.00000000
0.00000000 0.00000000 2.56250000 0.15625000 3.09375000 1.25000000
0.00000000 0.00000000 2.50000000 0.03125000 3.68750000 2.53125000
1.96875000 0.53125000 1.78125000 0.00000000 2.18750000 2.37500000
2.06250000 0.96875000 0.87500000 0.00000000 0.62500000 1.15625000
0.00000000 0.00000000 0.71875000 0.00000000 0.46875000 0.00000000
0.00000000 0.00000000 1.84375000 0.28125000 2.18750000 0.56250000
0.00000000 0.00000000 2.40625000 0.12500000 3.18750000 2.06250000
1.03125000 0.31250000 1.81250000 0.00000000 2.53125000 2.03125000
1.62500000 0.78125000 1.50000000 0.00000000 1.15625000 1.40625000
0.68750000 0.81250000 0.12500000 0.00000000 0.18750000 0.28125000
0.12500000 0.06250000 0.00000000 0.06250000 0.00000000 0.00000000
0.00000000 0.50000000 0.03125000 0.00000000 0.00000000 0.03125000
0.00000000 0.59375000 0.00000000 0.18750000 0.25000000 0.28125000
0.37500000 0.40625000 0.00000000 0.03125000 0.06250000 0.34375000
0.56250000 0.18750000 0.00000000 0.09375000 0.03125000 0.25000000
0.00000000 0.00000000 0.75000000 0.00000000 0.59375000 0.00000000
0.00000000 0.00000000 2.56250000 0.21875000 2.53125000 0.43750000
0.00000000 0.00000000 3.46875000 0.40625000 4.71875000 2.56250000
0.71875000 0.40625000 3.12500000 0.00000000 4.81250000 3.71875000
2.71875000 0.56250000 2.56250000 0.00000000 2.93750000 2.78125000
1.84375000 0.12500000 1.65625000 0.00000000 1.25000000 1.37500000
0.43750000 0.00000000 1.06250000 0.06250000 0.96875000 0.62500000
0.37500000 0.00000000 1.31250000 0.12500000 1.03125000 0.37500000
0.59375000 0.00000000 0.93750000 0.00000000 0.37500000 0.34375000
0.28125000 0.00000000 0.31250000 0.00000000 0.00000000 0.21875000
0.12500000 0.06250000 0.00000000 0.06250000 0.00000000 0.00000000
0.12500000 0.06250000 0.00000000 0.06250000 0.00000000 0.00000000
0.00000000 0.00000000 2.06250000 0.21875000 1.84375000 0.03125000
0.00000000 0.00000000 3.25000000 0.43750000 4.12500000 2.06250000
0.65625000 0.00000000 2.46875000 0.15625000 3.84375000 2.78125000
2.53125000 0.15625000 2.00000000 0.00000000 2.00000000 2.18750000
1.81250000 0.12500000 0.87500000 0.00000000 0.59375000 0.78125000
0.00000000 0.00000000 1.25000000 0.00000000 1.12500000 0.03125000
0.00000000 0.00000000 2.56250000 0.15625000 3.09375000 1.25000000
0.00000000 0.00000000 2.50000000 0.03125000 3.68750000 2.53125000
1.96875000 0.53125000 1.78125000 0.00000000 2.18750000 2.37500000
2.06250000 0.96875000 0.87500000 0.00000000 0.62500000 1.15625000
0.90625000 0.50000000 0.00000000 0.00000000 0.00000000 0.15625000
0.12500000 0.06250000 0.00000000 0.06250000 0.00000000 0.00000000
0.12500000 0.06250000 0.00000000 0.06250000 0.00000000 0.00000000
0.12500000 0.06250000 0.00000000 0.06250000 0.00000000 0.00000000
0.12500000 0.06250000 0.00000000 0.06250000 0.00000000 0.00000000
0.12500000 0.06250000 0.00000000 0.06250000 0.00000000 0.00000000
0.00000000 0.00000000 0.84375000 0.09375000 0.62500000 0.00000000
0.00000000 0.00000000 2.81250000 0.03125000 3.06250000 0.81250000
0.00000000 0.00000000 3.96875000 0.12500000 5.28125000 3.03125000
0.78125000 0.00000000 4.03125000 0.00000000 5.06250000 3.84375000
2.28125000 0.00000000 3.71875000 0.00000000 3.50000000 2.87500000
1.37500000 0.00000000 3.09375000 0.09375000 2.65625000 1.15625000
0.00000000 0.00000000 2.96875000 0.12500000 2.62500000 1.06250000
0.00000000 0.00000000 3.06250000 0.15625000 2.59375000 1.31250000
0.43750000 0.00000000 2.78125000 0.15625000 2.40625000 0.90625000
0.87500000 0.00000000 2.06250000 0.09375000 1.25000000 0.62500000
0.59375000 0.00000000 0.93750000 0.00000000 0.37500000 0.34375000
0.28125000 0.00000000 0.31250000 0.00000000 0.00000000 0.21875000
0.00000000 0.00000000 2.56250000 0.21875000 2.53125000 0.43750000
0.00000000 0.00000000 3.53125000 0.50000000 4.68750000 2.62500000
1.15625000 0.00000000 2.93750000 0.00000000 4.03125000 3.06250000
2.50000000 0.25000000 2.37500000 0.00000000 2.25000000 2.06250000
1.03125000 0.00000000 1.37500000 0.00000000 0.81250000 0.46875000
0.00000000 0.00000000 1.68750000 0.31250000 1.71875000 0.12500000
0.00000000 0.00000000 2.65625000 0.43750000 3.65625000 1.84375000
0.71875000 0.53125000 1.78125000 0.03125000 3.25000000 2.53125000
2.21875000 0.78125000 1.37500000 0.00000000 1.56250000 2.06250000
1.90625000 0.96875000 0.18750000 0.00000000 0.53125000 0.65625000
0.56250000 0.18750000 0.00000000 0.00000000 0.03125000 0.09375000
0.12500000 0.06250000 0.00000000 0.06250000 0.00000000 0.00000000
0.12500000 0.06250000 0.00000000 0.06250000 0.00000000 0.00000000
0.12500000 0.06250000 0.00000000 0.06250000 0.00000000 0.00000000
0.12500000 0.06250000 0.00000000 0.06250000 0.00000000 0.00000000
0.00000000 0.00000000 0.37500000 0.00000000 0.12500000 0.00000000
0.00000000 0.00000000 1.46875000 0.00000000 1.06250000 0.00000000
0.00000000 0.00000000 3.43750000 0.28125000 3.90625000 1.34375000
0.00000000 0.00000000 4.65625000 0.31250000 6.06250000 3.40625000
1.09375000 0.00000000 4.75000000 0.12500000 5.68750000 4.12500000
2.46875000 0.00000000 4.34375000 0.00000000 4.56250000 2.93750000
1.21875000 0.00000000 3.46875000 0.00000000 3.46875000 1.78125000
0.00000000 0.00000000 3.28125000 0.25000000 3.21875000 1.43750000
0.00000000 0.00000000 3.68750000 0.46875000 3.71875000 1.75000000
0.00000000 0.00000000 3.90625000 0.18750000 4.18750000 1.93750000
0.59375000 0.00000000 3.59375000 0.12500000 3.56250000 1.56250000
1.00000000 0.00000000 2.50000000 0.06250000 1.87500000 0.90625000
0.93750000 0.00000000 1.37500000 0.00000000 0.65625000 0.37500000
0.00000000 0.00000000 2.43750000 0.12500000 2.93750000 0.90625000
0.00000000 0.12500000 2.96875000 0.34375000 4.71875000 2.87500000
1.65625000 0.78125000 2.43750000 0.00000000 3.62500000 3.18750000
2.28125000 0.75000000 2.09375000 0.00000000 1.81250000 1.90625000
0.12500000 0.00000000 1.90625000 0.00000000 1.53125000 0.43750000
0.00000000 0.00000000 2.56250000 0.28125000 2.75000000 0.84375000
0.00000000 0.00000000 2.96875000 0.18750000 3.87500000 2.46875000
1.43750000 0.25000000 1.90625000 0.00000000 2.53125000 2.59375000
2.06250000 0.90625000 1.31250000 0.00000000 1.18750000 1.65625000
1.12500000 0.93750000 0.00000000 0.00000000 0.21875000 0.37500000
0.12500000 0.06250000 0.00000000 0.06250000 0.00000000 0.00000000
0.12500000 0.06250000 0.00000000 0.06250000 0.00000000 0.00000000
0.12500000 0.06250000 0.00000000 0.06250000 0.00000000 0.00000000
0.12500000 0.06250000 0.00000000 0.06250000 0.00000000 0.00000000
0.12500000 0.06250000 0.00000000 0.06250000 0.00000000 0.00000000
0.00000000 0.00000000 0.68750000 0.12500000 0.37500000 0.00000000
0.00000000 0.00000000 2.06250000 0.21875000 1.84375000 0.03125000
0.00000000 0.00000000 4.09375000 0.46875000 4.75000000 1.78125000
0.00000000 0.00000000 4.96875000 0.31250000 6.75000000 3.75000000
1.75000000 0.00000000 5.03125000 0.00000000 6.12500000 4.37500000
2.71875000 1.03125000 3.53125000 0.00000000 4.28125000 3.56250000
1.06250000 1.50000000 2.25000000 0.00000000 2.81250000 2.31250000
0.18750000 1.06250000 2.34375000 0.00000000 3.18750000 1.96875000
0.00000000 0.50000000 2.71875000 0.00000000 3.56250000 1.93750000
0.00000000 0.00000000 3.90625000 0.25000000 4.18750000 2.56250000
0.00000000 0.00000000 4.18750000 0.12500000 4.59375000 2.59375000
0.93750000 0.00000000 4.00000000 0.03125000 4.00000000 2.12500000
1.21875000 0.00000000 2.65625000 0.00000000 2.18750000 1.12500000
0.00000000 0.75000000 2.06250000 0.09375000 2.93750000 1.25000000
0.00000000 0.96875000 2.15625000 0.06250000 4.00000000 3.15625000
2.15625000 1.31250000 1.59375000 0.00000000 2.81250000 3.00000000
2.25000000 0.50000000 1.78125000 0.00000000 1.46875000 1.65625000
0.00000000 0.00000000 1.96875000 0.00000000 2.09375000 0.37500000
0.00000000 0.00000000 3.21875000 0.34375000 3.93750000 1.68750000
0.12500000 0.00000000 2.93750000 0.00000000 4.31250000 2.81250000
2.31250000 0.43750000 2.21875000 0.00000000 2.46875000 2.40625000
2.06250000 0.96875000 0.87500000 0.00000000 0.62500000 1.15625000
0.90625000 0.50000000 0.00000000 0.00000000 0.00000000 0.15625000
0.12500000 0.06250000 0.00000000 0.06250000 0.00000000 0.00000000
0.12500000 0.06250000 0.00000000 0.06250000 0.00000000 0.00000000
0.12500000 0.06250000 0.00000000 0.06250000 0.00000000 0.00000000
0.12500000 0.06250000 0.00000000 0.06250000 0.00000000 0.00000000
0.12500000 0.06250000 0.00000000 0.06250000 0.00000000 0.00000000
0.00000000 0.00000000 0.93750000 0.06250000 0.56250000 0.00000000
0.00000000 0.00000000 2.56250000 0.21875000 2.53125000 0.43750000
0.00000000 0.00000000 4.03125000 0.50000000 5.15625000 2.46875000
0.00000000 0.40625000 4.37500000 0.09375000 6.53125000 4.06250000
2.12500000 1.59375000 3.81250000 0.00000000 5.46875000 4.59375000
2.68750000 2.65625000 2.15625000 0.00000000 3.25000000 3.56250000
1.87500000 3.34375000 0.87500000 0.00000000 1.90625000 2.03125000
0.28125000 2.81250000 0.43750000 0.00000000 1.46875000 1.53125000
0.00000000 1.15625000 1.18750000 0.00000000 2.31250000 1.62500000
0.00000000 0.03125000 3.03125000 0.00000000 4.31250000 2.65625000
0.25000000 0.00000000 4.43750000 0.09375000 5.31250000 3.37500000
0.93750000 0.00000000 4.62500000 0.00000000 5.09375000 3.18750000
1.84375000 0.00000000 3.68750000 0.00000000 3.34375000 2.18750000
0.00000000 0.12500000 2.50000000 0.28125000 3.34375000 1.53125000
0.25000000 0.18750000 2.28125000 0.00000000 3.75000000 2.87500000
2.40625000 0.65625000 1.59375000 0.00000000 2.21875000 2.62500000
1.56250000 0.25000000 1.62500000 0.00000000 1.21875000 1.06250000
0.00000000 0.00000000 1.96875000 0.18750000 2.31250000 0.68750000
0.00000000 0.15625000 2.96875000 0.37500000 4.18750000 2.43750000
1.06250000 0.78125000 2.18750000 0.00000000 3.68750000 3.09375000
2.43750000 1.21875000 1.53125000 0.00000000 1.87500000 2.28125000
1.90625000 0.96875000 0.18750000 0.00000000 0.53125000 0.65625000
0.56250000 0.18750000 0.00000000 0.00000000 0.03125000 0.09375000
0.12500000 0.06250000 0.00000000 0.06250000 0.00000000 0.00000000
0.12500000 0.06250000 0.00000000 0.06250000 0.00000000 0.00000000
0.12500000 0.06250000 0.00000000 0.06250000 0.00000000 0.00000000
0.12500000 0.06250000 0.00000000 0.06250000 0.00000000 0.00000000
0.12500000 0.06250000 0.00000000 0.06250000 0.00000000 0.00000000
0.00000000 0.00000000 0.84375000 0.09375000 0.62500000 0.00000000
0.00000000 0.00000000 2.81250000 0.03125000 3.06250000 0.81250000
0.00000000 0.37500000 3.75000000 0.18750000 5.40625000 3.00000000
0.62500000 1.87500000 3.75000000 0.00000000 5.71875000 4.43750000
2.65625000 2.78125000 2.68750000 0.00000000 3.96875000 4.21875000
3.15625000 2.62500000 0.84375000 0.00000000 1.90625000 2.90625000
2.12500000 2.37500000 0.00000000 0.00000000 0.46875000 1.37500000
0.75000000 1.93750000 0.00000000 0.00000000 0.21875000 0.62500000
0.00000000 1.25000000 0.65625000 0.00000000 1.46875000 0.84375000
0.00000000 0.34375000 2.34375000 0.12500000 3.93750000 2.12500000
0.00000000 0.00000000 4.15625000 0.00000000 5.81250000 3.68750000
1.71875000 0.00000000 4.62500000 0.00000000 6.03125000 4.18750000
2.62500000 0.00000000 4.00000000 0.00000000 4.09375000 3.25000000
0.00000000 0.00000000 3.25000000 0.43750000 4.12500000 2.06250000
0.65625000 0.00000000 2.46875000 0.15625000 3.84375000 2.78125000
2.28125000 0.00000000 2.37500000 0.00000000 2.12500000 2.09375000
0.40625000 0.00000000 1.93750000 0.00000000 1.56250000 0.81250000
0.00000000 0.00000000 2.62500000 0.00000000 3.31250000 1.31250000
0.00000000 0.00000000 3.00000000 0.03125000 4.37500000 2.93750000
1.87500000 0.78125000 2.09375000 0.00000000 2.71875000 2.96875000
2.40625000 1.21875000 1.28125000 0.00000000 1.06250000 1.71875000
1.12500000 0.93750000 0.00000000 0.00000000 0.21875000 0.37500000
0.12500000 0.06250000 0.00000000 0.06250000 0.00000000 0.00000000
0.12500000 0.06250000 0.00000000 0.06250000 0.00000000 0.00000000
0.12500000 0.06250000 0.00000000 0.06250000 0.00000000 0.00000000
0.12500000 0.06250000 0.00000000 0.06250000 0.00000000 0.00000000
0.12500000 0.06250000 0.00000000 0.06250000 0.00000000 0.00000000
0.12500000 0.06250000 0.00000000 0.06250000 0.00000000 0.00000000
0.00000000 0.00000000 0.87500000 0.00000000 0.59375000 0.00000000
0.00000000 0.00000000 2.75000000 0.15625000 3.31250000 1.09375000
0.00000000 0.71875000 3.28125000 0.21875000 5.28125000 3.37500000
1.46875000 1.50000000 3.15625000 0.00000000 5.00000000 4.37500000
3.59375000 1.96875000 1.90625000 0.00000000 2.96875000 3.31250000
2.75000000 1.43750000 0.46875000 0.00000000 0.71875000 1.59375000
1.34375000 0.62500000 0.00000000 0.00000000 0.00000000 0.40625000
0.43750000 0.62500000 0.00000000 0.00000000 0.00000000 0.12500000
0.00000000 0.53125000 0.81250000 0.09375000 0.84375000 0.03125000
0.00000000 0.25000000 2.53125000 0.12500000 3.37500000 1.43750000
0.00000000 0.00000000 4.00000000 0.37500000 5.90625000 3.40625000
1.34375000 0.00000000 4.68750000 0.00000000 6.75000000 4.84375000
3.28125000 0.31250000 3.84375000 0.00000000 4.62500000 3.96875000
0.00000000 0.00000000 3.53125000 0.50000000 4.68750000 2.62500000
1.15625000 0.00000000 2.93750000 0.00000000 4.03125000 3.06250000
1.90625000 0.00000000 3.06250000 0.00000000 2.62500000 1.90625000
0.00000000 0.00000000 2.75000000 0.00000000 2.28125000 0.65625000
0.00000000 0.00000000 3.15625000 0.46875000 4.18750000 1.96875000
0.37500000 0.15625000 2.71875000 0.00000000 4.37500000 3.15625000
2.75000000 0.56250000 2.03125000 0.00000000 2.50000000 2.65625000
2.50000000 1.09375000 0.68750000 0.00000000 0.65625000 1.25000000
0.90625000 0.50000000 0.00000000 0.00000000 0.00000000 0.15625000
0.12500000 0.06250000 0.00000000 0.06250000 0.00000000 0.00000000
0.12500000 0.06250000 0.00000000 0.06250000 0.00000000 0.00000000
0.12500000 0.06250000 0.00000000 0.06250000 0.00000000 0.00000000
0.12500000 0.06250000 0.00000000 0.06250000 0.00000000 0.00000000
0.12500000 0.06250000 0.00000000 0.06250000 0.00000000 0.00000000
0.12500000 0.06250000 0.00000000 0.06250000 0.00000000 0.00000000
0.00000000 0.43750000 0.50000000 0.06250000 0.46875000 0.00000000
0.00000000 0.87500000 1.78125000 0.25000000 2.71875000 0.96875000
0.00000000 1.53125000 2.09375000 0.06250000 4.15625000 3.00000000
1.62500000 2.06250000 1.56250000 0.00000000 3.46875000 3.59375000
3.06250000 2.06250000 1.00000000 0.00000000 1.84375000 2.21875000
1.90625000 0.96875000 0.18750000 0.00000000 0.53125000 0.65625000
0.56250000 0.18750000 0.00000000 0.00000000 0.03125000 0.09375000
0.12500000 0.06250000 0.00000000 0.06250000 0.00000000 0.00000000
0.00000000 0.00000000 0.87500000 0.00000000 0.59375000 0.00000000
0.00000000 0.00000000 2.75000000 0.15625000 3.31250000 1.09375000
0.00000000 0.31250000 3.84375000 0.31250000 5.71875000 3.28125000
1.15625000 0.71875000 4.21875000 0.00000000 6.50000000 4.81250000
3.59375000 1.28125000 2.93750000 0.00000000 4.09375000 4.06250000
0.00000000 0.00000000 3.56250000 0.34375000 5.18750000 3.09375000
1.34375000 0.00000000 3.50000000 0.00000000 4.34375000 3.34375000
1.50000000 0.00000000 3.87500000 0.00000000 3.15625000 2.15625000
0.00000000 0.00000000 3.93750000 0.00000000 3.56250000 1.31250000
0.00000000 0.00000000 4.18750000 0.31250000 5.09375000 2.78125000
1.15625000 0.00000000 3.18750000 0.00000000 4.21875000 3.56250000
2.75000000 0.59375000 2.15625000 0.00000000 2.31250000 2.40625000
2.06250000 0.56250000 0.50000000 0.00000000 0.46875000 0.87500000
0.56250000 0.18750000 0.00000000 0.00000000 0.03125000 0.09375000
0.12500000 0.06250000 0.00000000 0.06250000 0.00000000 0.00000000
0.12500000 0.06250000 0.00000000 0.06250000 0.00000000 0.00000000
0.12500000 0.06250000 0.00000000 0.06250000 0.00000000 0.00000000
0.12500000 0.06250000 0.00000000 0.06250000 0.00000000 0.00000000
0.12500000 0.06250000 0.00000000 0.06250000 0.00000000 0.00000000
0.12500000 0.06250000 0.00000000 0.06250000 0.00000000 0.00000000
0.00000000 0.84375000 0.18750000 0.00000000 0.21875000 0.00000000
0.00000000 1.78125000 0.87500000 0.00000000 1.68750000 0.96875000
0.00000000 2.00000000 0.81250000 0.00000000 2.56250000 2.46875000
1.71875000 1.96875000 0.53125000 0.00000000 1.75000000 2.59375000
2.34375000 1.84375000 0.34375000 0.00000000 0.87500000 1.56250000
1.12500000 0.93750000 0.00000000 0.00000000 0.21875000 0.37500000
0.12500000 0.06250000 0.00000000 0.06250000 0.00000000 0.00000000
0.12500000 0.06250000 0.00000000 0.06250000 0.00000000 0.00000000
0.00000000 0.43750000 0.50000000 0.06250000 0.46875000 0.00000000
0.00000000 0.87500000 1.78125000 0.25000000 2.71875000 0.96875000
0.00000000 1.87500000 2.25000000 0.03125000 4.40625000 2.87500000
1.25000000 2.46875000 2.31250000 0.00000000 4.68750000 4.37500000
3.18750000 2.71875000 1.34375000 0.00000000 2.87500000 3.28125000
0.00000000 0.00000000 3.34375000 0.31250000 5.25000000 3.43750000
1.43750000 0.00000000 3.62500000 0.00000000 4.62500000 3.53125000
1.28125000 0.00000000 4.18750000 0.00000000 4.03125000 2.21875000
0.00000000 0.00000000 4.46875000 0.06250000 4.81250000 2.21875000
0.00000000 0.00000000 4.03125000 0.25000000 5.78125000 3.28125000
2.15625000 0.28125000 3.18750000 0.00000000 3.84375000 3.43750000
2.53125000 1.18750000 1.71875000 0.00000000 1.68750000 2.00000000
1.46875000 0.84375000 0.37500000 0.00000000 0.50000000 0.40625000
0.12500000 0.06250000 0.00000000 0.06250000 0.00000000 0.00000000
0.12500000 0.06250000 0.00000000 0.06250000 0.00000000 0.00000000
0.12500000 0.06250000 0.00000000 0.06250000 0.00000000 0.00000000
0.12500000 0.06250000 0.00000000 0.06250000 0.00000000 0.00000000
0.12500000 0.06250000 0.00000000 0.06250000 0.00000000 0.00000000
0.12500000 0.06250000 0.00000000 0.06250000 0.00000000 0.00000000
0.12500000 0.06250000 0.00000000 0.06250000 0.00000000 0.00000000
0.00000000 0.84375000 0.00000000 0.00000000 0.03125000 0.00000000
0.00000000 1.62500000 0.12500000 0.00000000 0.81250000 0.59375000
0.15625000 1.59375000 0.00000000 0.00000000 1.34375000 1.46875000
1.46875000 1.46875000 0.00000000 0.00000000 0.78125000 1.43750000
1.78125000 1.15625000 0.00000000 0.00000000 0.12500000 0.78125000
0.90625000 0.50000000 0.00000000 0.00000000 0.00000000 0.15625000
0.12500000 0.06250000 0.00000000 0.06250000 0.00000000 0.00000000
0.12500000 0.06250000 0.00000000 0.06250000 0.00000000 0.00000000
0.00000000 0.84375000 0.18750000 0.00000000 0.21875000 0.00000000
0.00000000 1.78125000 0.87500000 0.00000000 1.68750000 0.96875000
0.00000000 2.78125000 0.75000000 0.00000000 2.59375000 2.40625000
1.28125000 2.75000000 0.71875000 0.00000000 2.53125000 3.25000000
2.81250000 2.59375000 0.15625000 0.00000000 1.43750000 2.37500000
0.00000000 0.12500000 3.03125000 0.09375000 4.78125000 3.09375000
0.37500000 0.00000000 3.84375000 0.00000000 4.84375000 3.59375000
0.84375000 0.00000000 5.09375000 0.00000000 5.34375000 2.68750000
0.00000000 0.00000000 5.03125000 0.00000000 5.78125000 3.28125000
0.78125000 0.15625000 3.93750000 0.00000000 5.43750000 4.34375000
2.87500000 1.25000000 2.50000000 0.00000000 3.34375000 3.46875000
2.84375000 1.34375000 1.09375000 0.00000000 1.09375000 1.81250000
1.12500000 0.93750000 0.00000000 0.00000000 0.21875000 0.37500000
0.12500000 0.06250000 0.00000000 0.06250000 0.00000000 0.00000000
0.12500000 0.06250000 0.00000000 0.06250000 0.00000000 0.00000000
0.12500000 0.06250000 0.00000000 0.06250000 0.00000000 0.00000000
0.12500000 0.06250000 0.00000000 0.06250000 0.00000000 0.00000000
0.12500000 0.06250000 0.00000000 0.06250000 0.00000000 0.00000000
0.12500000 0.06250000 0.00000000 0.06250000 0.00000000 0.00000000
0.12500000 0.06250000 0.00000000 0.06250000 0.00000000 0.00000000
0.00000000 0.50000000 0.03125000 0.00000000 0.00000000 0.03125000
0.00000000 1.03125000 0.00000000 0.06250000 0.21875000 0.31250000
0.21875000 0.93750000 0.00000000 0.15625000 0.31250000 0.62500000
0.81250000 0.53125000 0.00000000 0.06250000 0.09375000 0.59375000
1.00000000 0.31250000 0.00000000 0.00000000 0.06250000 0.34375000
0.56250000 0.18750000 0.00000000 0.00000000 0.03125000 0.09375000
0.12500000 0.06250000 0.00000000 0.06250000 0.00000000 0.00000000
0.12500000 0.06250000 0.00000000 0.06250000 0.00000000 0.00000000
0.00000000 0.84375000 0.00000000 0.00000000 0.03125000 0.00000000
0.00000000 1.62500000 0.12500000 0.00000000 0.81250000 0.59375000
0.03125000 2.03125000 0.03125000 0.00000000 1.31250000 1.50000000
1.31250000 2.00000000 0.00000000 0.00000000 1.03125000 1.71875000
2.03125000 1.50000000 0.00000000 0.00000000 0.18750000 1.12500000
0.00000000 0.12500000 2.68750000 0.06250000 4.18750000 2.59375000
0.00000000 0.00000000 3.90625000 0.18750000 5.06250000 3.28125000
0.15625000 0.00000000 5.56250000 0.00000000 6.43750000 3.46875000
0.34375000 0.09375000 5.25000000 0.00000000 6.71875000 4.06250000
1.65625000 0.43750000 4.06250000 0.00000000 5.21875000 4.34375000
3.31250000 1.31250000 2.15625000 0.00000000 2.68750000 2.93750000
2.50000000 1.09375000 0.68750000 0.00000000 0.65625000 1.25000000
0.90625000 0.50000000 0.00000000 0.00000000 0.00000000 0.15625000
0.12500000 0.06250000 0.00000000 0.06250000 0.00000000 0.00000000
0.12500000 0.06250000 0.00000000 0.06250000 0.00000000 0.00000000
0.12500000 0.06250000 0.00000000 0.06250000 0.00000000 0.00000000
0.12500000 0.06250000 0.00000000 0.06250000 0.00000000 0.00000000
0.12500000 0.06250000 0.00000000 0.06250000 0.00000000 0.00000000
0.12500000 0.06250000 0.00000000 0.06250000 0.00000000 0.00000000
0.12500000 0.06250000 0.00000000 0.06250000 0.00000000 0.00000000
0.12500000 0.06250000 0.00000000 0.06250000 0.00000000 0.00000000
0.12500000 0.06250000 0.00000000 0.06250000 0.00000000 0.00000000
0.12500000 0.06250000 0.00000000 0.06250000 0.00000000 0.00000000
0.12500000 0.06250000 0.00000000 0.06250000 0.00000000 0.00000000
0.12500000 0.06250000 0.00000000 0.06250000 0.00000000 0.00000000
0.12500000 0.06250000 0.00000000 0.06250000 0.00000000 0.00000000
0.12500000 0.06250000 0.00000000 0.06250000 0.00000000 0.00000000
0.12500000 0.06250000 0.00000000 0.06250000 0.00000000 0.00000000
0.00000000 0.50000000 0.03125000 0.00000000 0.00000000 0.03125000
0.00000000 1.03125000 0.00000000 0.06250000 0.21875000 0.31250000
0.21875000 0.93750000 0.00000000 0.15625000 0.31250000 0.62500000
0.81250000 0.53125000 0.00000000 0.06250000 0.09375000 0.59375000
1.00000000 0.31250000 0.00000000 0.00000000 0.06250000 0.34375000
0.00000000 0.00000000 2.62500000 0.06250000 3.84375000 1.96875000
0.00000000 0.00000000 4.03125000 0.15625000 5.28125000 3.15625000
0.00000000 0.00000000 5.65625000 0.00000000 6.90625000 4.12500000
1.25000000 0.34375000 5.53125000 0.00000000 7.15625000 5.06250000
2.59375000 0.75000000 3.78125000 0.00000000 5.03125000 4.43750000
3.53125000 1.03125000 1.93750000 0.00000000 2.21875000 2.56250000
2.06250000 0.56250000 0.50000000 0.00000000 0.46875000 0.87500000
0.56250000 0.18750000 0.00000000 0.00000000 0.03125000 0.09375000
0.12500000 0.06250000 0.00000000 0.06250000 0.00000000 0.00000000
0.12500000 0.06250000 0.00000000 0.06250000 0.00000000 0.00000000
0.12500000 0.06250000 0.00000000 0.06250000 0.00000000 0.00000000
0.12500000 0.06250000 0.00000000 0.06250000 0.00000000 0.00000000
0.12500000 0.06250000 0.00000000 0.06250000 0.00000000 0.00000000
0.12500000 0.06250000 0.00000000 0.06250000 0.00000000 0.00000000
0.12500000 0.06250000 0.00000000 0.06250000 0.00000000 0.00000000
0.12500000 0.06250000 0.00000000 0.06250000 0.00000000 0.00000000
0.12500000 0.06250000 0.00000000 0.06250000 0.00000000 0.00000000
0.12500000 0.06250000 0.00000000 0.06250000 0.00000000 0.00000000
0.12500000 0.06250000 0.00000000 0.06250000 0.00000000 0.00000000
0.12500000 0.06250000 0.00000000 0.06250000 0.00000000 0.00000000
0.12500000 0.06250000 0.00000000 0.06250000 0.00000000 0.00000000
0.12500000 0.06250000 0.00000000 0.06250000 0.00000000 0.00000000
0.12500000 0.06250000 0.00000000 0.06250000 0.00000000 0.00000000
0.12500000 0.06250000 0.00000000 0.06250000 0.00000000 0.00000000
0.12500000 0.06250000 0.00000000 0.06250000 0.00000000 0.00000000
0.12500000 0.06250000 0.00000000 0.06250000 0.00000000 0.00000000
0.12500000 0.06250000 0.00000000 0.06250000 0.00000000 0.00000000
0.12500000 0.06250000 0.00000000 0.06250000 0.00000000 0.00000000
0.00000000 0.34375000 1.90625000 0.25000000 2.93750000 1.18750000
0.00000000 0.09375000 3.40625000 0.00000000 5.03125000 2.90625000
0.00000000 0.96875000 4.71875000 0.00000000 6.96875000 4.50000000
2.06250000 1.37500000 4.78125000 0.00000000 6.96875000 4.96875000
3.15625000 1.15625000 3.12500000 0.00000000 4.06250000 3.96875000
2.96875000 1.31250000 1.53125000 0.00000000 1.71875000 2.09375000
1.46875000 0.84375000 0.37500000 0.00000000 0.50000000 0.40625000
0.12500000 0.06250000 0.00000000 0.06250000 0.00000000 0.00000000
0.12500000 0.06250000 0.00000000 0.06250000 0.00000000 0.00000000
0.12500000 0.06250000 0.00000000 0.06250000 0.00000000 0.00000000
0.12500000 0.06250000 0.00000000 0.06250000 0.00000000 0.00000000
0.12500000 0.06250000 0.00000000 0.06250000 0.00000000 0.00000000
0.12500000 0.06250000 0.00000000 0.06250000 0.00000000 0.00000000
0.12500000 0.06250000 0.00000000 0.06250000 0.00000000 0.00000000
0.12500000 0.06250000 0.00000000 0.06250000 0.00000000 0.00000000
0.12500000 0.06250000 0.00000000 0.06250000 0.00000000 0.00000000
0.12500000 0.06250000 0.00000000 0.06250000 0.00000000 0.00000000
0.12500000 0.06250000 0.00000000 0.06250000 0.00000000 0.00000000
0.12500000 0.06250000 0.00000000 0.06250000 0.00000000 0.00000000
0.12500000 0.06250000 0.00000000 0.06250000 0.00000000 0.00000000
0.12500000 0.06250000 0.00000000 0.06250000 0.00000000 0.00000000
0.12500000 0.06250000 0.00000000 0.06250000 0.00000000 0.00000000
0.12500000 0.06250000 0.00000000 0.06250000 0.00000000 0.00000000
0.12500000 0.06250000 0.00000000 0.06250000 0.00000000 0.00000000
0.12500000 0.06250000 0.00000000 0.06250000 0.00000000 0.00000000
0.12500000 0.06250000 0.00000000 0.06250000 0.00000000 0.00000000
0.12500000 0.06250000 0.00000000 0.06250000 0.00000000 0.00000000
0.12500000 0.06250000 0.00000000 0.06250000 0.00000000 0.00000000
0.00000000 1.37500000 1.18750000 0.00000000 1.93750000 0.90625000
0.00000000 1.87500000 1.90625000 0.00000000 3.81250000 2.37500000
0.00000000 2.78125000 2.65625000 0.00000000 5.06250000 4.06250000
2.25000000 3.34375000 2.25000000 0.00000000 4.90625000 4.75000000
3.18750000 2.71875000 1.34375000 0.00000000 2.87500000 3.28125000
2.68750000 1.75000000 0.78125000 0.00000000 1.15625000 1.59375000
1.12500000 0.93750000 0.00000000 0.00000000 0.21875000 0.37500000
0.12500000 0.06250000 0.00000000 0.06250000 0.00000000 0.00000000
0.12500000 0.06250000 0.00000000 0.06250000 0.00000000 0.00000000
0.12500000 0.06250000 0.00000000 0.06250000 0.00000000 0.00000000
0.12500000 0.06250000 0.00000000 0.06250000 0.00000000 0.00000000
0.12500000 0.06250000 0.00000000 0.06250000 0.00000000 0.00000000
0.12500000 0.06250000 0.00000000 0.06250000 0.00000000 0.00000000
0.12500000 0.06250000 0.00000000 0.06250000 0.00000000 0.00000000
0.12500000 0.06250000 0.00000000 0.06250000 0.00000000 0.00000000
0.12500000 0.06250000 0.00000000 0.06250000 0.00000000 0.00000000
0.12500000 0.06250000 0.00000000 0.06250000 0.00000000 0.00000000
0.12500000 0.06250000 0.00000000 0.06250000 0.00000000 0.00000000
0.12500000 0.06250000 0.00000000 0.06250000 0.00000000 0.00000000
0.12500000 0.06250000 0.00000000 0.06250000 0.00000000 0.00000000
0.12500000 0.06250000 0.00000000 0.06250000 0.00000000 0.00000000
0.12500000 0.06250000 0.00000000 0.06250000 0.00000000 0.00000000
0.12500000 0.06250000 0.00000000 0.06250000 0.00000000 0.00000000
0.12500000 0.06250000 0.00000000 0.06250000 0.00000000 0.00000000
0.12500000 0.06250000 0.00000000 0.06250000 0.00000000 0.00000000
0.12500000 0.06250000 0.00000000 0.06250000 0.00000000 0.00000000
0.12500000 0.06250000 0.00000000 0.06250000 0.00000000 0.00000000
0.12500000 0.06250000 0.00000000 0.06250000 0.00000000 0.00000000
0.00000000 1.62500000 0.37500000 0.00000000 1.00000000 0.56250000
0.00000000 2.53125000 0.68750000 0.00000000 2.25000000 1.78125000
0.40625000 3.43750000 0.75000000 0.00000000 2.81250000 3.03125000
2.06250000 3.18750000 0.50000000 0.00000000 2.43750000 3.40625000
2.81250000 2.59375000 0.15625000 0.00000000 1.43750000 2.37500000
2.00000000 1.59375000 0.00000000 0.00000000 0.43750000 1.00000000
0.90625000 0.50000000 0.00000000 0.00000000 0.00000000 0.15625000
0.12500000 0.06250000 0.00000000 0.06250000 0.00000000 0.00000000
0.12500000 0.06250000 0.00000000 0.06250000 0.00000000 0.00000000
0.12500000 0.06250000 0.00000000 0.06250000 0.00000000 0.00000000
0.12500000 0.06250000 0.00000000 0.06250000 0.00000000 0.00000000
0.12500000 0.06250000 0.00000000 0.06250000 0.00000000 0.00000000
0.12500000 0.06250000 0.00000000 0.06250000 0.00000000 0.00000000
0.12500000 0.06250000 0.00000000 0.06250000 0.00000000 0.00000000
0.12500000 0.06250000 0.00000000 0.06250000 0.00000000 0.00000000
0.12500000 0.06250000 0.00000000 0.06250000 0.00000000 0.00000000
0.12500000 0.06250000 0.00000000 0.06250000 0.00000000 0.00000000
0.12500000 0.06250000 0.00000000 0.06250000 0.00000000 0.00000000
0.12500000 0.06250000 0.00000000 0.06250000 0.00000000 0.00000000
0.12500000 0.06250000 0.00000000 0.06250000 0.00000000 0.00000000
0.12500000 0.06250000 0.00000000 0.06250000 0.00000000 0.00000000
0.12500000 0.06250000 0.00000000 0.06250000 0.00000000 0.00000000
0.12500000 0.06250000 0.00000000 0.06250000 0.00000000 0.00000000
0.12500000 0.06250000 0.00000000 0.06250000 0.00000000 0.00000000
0.12500000 0.06250000 0.00000000 0.06250000 0.00000000 0.00000000
0.12500000 0.06250000 0.00000000 0.06250000 0.00000000 0.00000000
0.12500000 0.06250000 0.00000000 0.06250000 0.00000000 0.00000000
0.12500000 0.06250000 0.00000000 0.06250000 0.00000000 0.00000000
0.00000000 1.37500000 0.00000000 0.09375000 0.28125000 0.21875000
0.00000000 1.96875000 0.00000000 0.00000000 0.87500000 0.93750000
0.46875000 2.15625000 0.00000000 0.00000000 1.34375000 1.75000000
1.75000000 2.12500000 0.00000000 0.00000000 1.06250000 1.81250000
2.03125000 1.50000000 0.00000000 0.00000000 0.18750000 1.12500000
1.34375000 0.62500000 0.00000000 0.00000000 0.00000000 0.40625000
0.56250000 0.18750000 0.00000000 0.00000000 0.03125000 0.09375000
0.12500000 0.06250000 0.00000000 0.06250000 0.00000000 0.00000000
0.12500000 0.06250000 0.00000000 0.06250000 0.00000000 0.00000000
0.12500000 0.06250000 0.00000000 0.06250000 0.00000000 0.00000000
0.12500000 0.06250000 0.00000000 0.06250000 0.00000000 0.00000000
0.12500000 0.06250000 0.00000000 0.06250000 0.00000000 0.00000000
0.12500000 0.06250000 0.00000000 0.06250000 0.00000000 0.00000000
0.12500000 0.06250000 0.00000000 0.06250000 0.00000000 0.00000000
0.12500000 0.06250000 0.00000000 0.06250000 0.00000000 0.00000000
0.12500000 0.06250000 0.00000000 0.06250000 0.00000000 0.00000000
0.12500000 0.06250000 0.00000000 0.06250000 0.00000000 0.00000000
0.12500000 0.06250000 0.00000000 0.06250000 0.00000000 0.00000000
0.12500000 0.06250000 0.00000000 0.06250000 0.00000000 0.00000000
0.12500000 0.06250000 0.00000000 0.06250000 0.00000000 0.00000000
0.12500000 0.06250000 0.00000000 0.06250000 0.00000000 0.00000000
0.12500000 0.06250000 0.00000000 0.06250000 0.00000000 0.00000000
0.12500000 0.06250000 0.00000000 0.06250000 0.00000000 0.00000000
0.12500000 0.06250000 0.00000000 0.06250000 0.00000000 0.00000000
0.12500000 0.06250000 0.00000000 0.06250000 0.00000000 0.00000000
0.12500000 0.06250000 0.00000000 0.06250000 0.00000000 0.00000000
0.12500000 0.06250000 0.00000000 0.06250000 0.00000000 0.00000000
0.12500000 0.06250000 0.00000000 0.06250000 0.00000000 0.00000000
