0.00000000
0.00000000
0.00000000
0.00000000
0.00000000
0.00000000
0.00000000
0.00000000
0.00000000
3.38973427
4.32513428
2.77305603
0.70330238
2.50114822
0.00000000
1.95447731
5.33046150
3.37752151
3.89307785
0.00000000
1.00376129
0.00000000
0.00000000
0.00732803
0.00000000
0.00000000
0.00000000
0.00000000
0.00000000
0.00000000
0.00000000
0.00000000
4.16396332
0.98020554
0.00000000
1.18887711
0.00000000
0.00000000
0.01544189
1.20742226
0.00000000
0.00000000
0.00000000
0.00000000
0.29805565
0.00000000
0.00000000
0.00000000
8.71643257
2.12385750
0.00000000
0.00000000
0.00000000
3.53182793
0.00000000
0.73517227
5.09630585
0.00000000
0.00000000
0.00000000
0.00000000
0.00000000
0.06632042
0.00000000
1.61670303
0.00000000
0.00000000
0.00000000
4.86225128
3.41095924
0.00000000
0.00000000
2.46555138
3.63250732
0.00000000
0.00000000
0.00000000
0.00000000
2.40203667
0.46192551
0.00000000
0.00000000
0.00000000
0.00000000
5.42872620
1.64388275
1.45965576
1.41027641
0.00000000
0.71519279
0.00000000
0.00000000
0.86128998
6.41518593
4.71176338
0.00000000
0.00000000
2.45338058
0.00000000
8.09494209
1.26522446
1.54262924
4.18923569
0.00000000
1.23736763
0.84558868
4.67621994
0.00000000
0.00000000
0.11984253
9.97495079
0.00000000
6.12390327
0.00000000
2.24755096
0.00000000
1.58514023
0.00000000
0.00000000
0.00000000
