0.59826660 0.00000000 0.22076416 0.31475830 0.82653809 0.00000000 0.43377686 0.00000000 0.00000000 1.56274414 0.49053955 0.00000000 0.75567627 0.00000000 0.00000000 3.47363281
1.80761719 0.85760498 0.00000000 0.00000000 0.22790527 0.56311035 0.00000000 0.53302002 1.05291748 0.46661377 0.64166260 1.89086914 0.00000000 0.95794678 0.00000000 1.03161621
1.44158936 2.49554443 0.11267090 0.29449463 2.47796631 0.83081055 0.00000000 3.58972168 3.46270752 0.00000000 0.66174316 5.79254150 0.00000000 0.07220459 2.61401367 0.00000000
0.82360840 2.25860596 2.34149170 2.00244141 1.91058350 0.00000000 0.00000000 0.89166260 0.00000000 0.00000000 1.29528809 1.95141602 0.00000000 0.00000000 4.64367676 0.00000000
0.43310547 1.56195068 1.24017334 0.70410156 4.31085205 0.00000000 1.28112793 4.72717285 0.00000000 0.00000000 0.00000000 0.00000000 2.14971924 0.00000000 1.64660645 0.00000000
1.70031738 0.01483154 0.20117188 0.00506592 0.87701416 0.00000000 0.00000000 0.00000000 0.00000000 0.46154785 0.74847412 0.00000000 0.16333008 0.01965332 0.00000000 3.82427979
0.04992676 0.24456787 0.32006836 0.00000000 1.60028076 0.00000000 0.88500977 2.23284912 0.00000000 1.29754639 0.00000000 0.54589844 0.32653809 0.00000000 0.00000000 0.58514404
0.00000000 1.16925049 2.47631836 3.15411377 0.54724121 2.22827148 0.18273926 1.15295410 1.76898193 0.00000000 0.38354492 5.82379150 0.00000000 0.00000000 0.23291016 0.00000000
3.18646240 0.33972168 0.86248779 3.83813477 0.55432129 2.94427490 0.00000000 0.23522949 0.80395508 0.00000000 0.00000000 1.93817139 0.00000000 0.00000000 2.07733154 0.00000000
0.00000000 0.00000000 1.69702148 5.04302979 2.67687988 0.00000000 0.93127441 0.00000000 0.00000000 3.54547119 0.00000000 0.00000000 1.99060059 0.00000000 0.00000000 2.38659668
1.00408936 0.15405273 0.00000000 0.00000000 1.92620850 0.00000000 0.00000000 0.20379639 0.00000000 0.49731445 0.00000000 0.00000000 0.85668945 0.00000000 0.00000000 0.98907471
0.18188477 0.01574707 2.82305908 1.44915771 1.43084717 0.00000000 5.57073975 0.40960693 0.00000000 1.21716309 0.00000000 0.21905518 2.48913574 0.00000000 0.14471436 1.37835693
3.23913574 1.27142334 0.57702637 0.96728516 0.00000000 3.91192627 0.27239990 0.00000000 2.25506592 0.00000000 2.35742188 5.61602783 0.16632080 2.41979980 0.62194824 0.06842041
3.70458984 0.89807129 0.00000000 0.40930176 4.23596191 0.76782227 0.00000000 1.89581299 3.95098877 0.00000000 0.05694580 2.17285156 0.00000000 0.90502930 1.42254639 0.00000000
0.56066895 1.60461426 2.57348633 0.77099609 2.28503418 0.00000000 1.02502441 0.41070557 0.00000000 0.02679443 3.76727295 2.62121582 1.82177734 0.65277100 1.39630127 2.45196533
0.27960205 0.10479736 0.39361572 0.00000000 3.94622803 0.00000000 2.65216064 0.12689209 0.00000000 2.73767090 0.00000000 0.00000000 2.20465088 0.00000000 0.00000000 0.64440918
1.82360840 0.13146973 2.73358154 1.35327148 0.25628662 0.30377197 5.94970703 0.24584961 0.00000000 0.75408936 0.00000000 0.04162598 2.96594238 0.00000000 0.42541504 3.34686279
2.80700684 1.70446777 0.00000000 0.00000000 0.25720215 1.54846191 0.00000000 4.25500488 4.61767578 0.00000000 0.22882080 4.46569824 0.00000000 0.19738770 1.23455811 0.03399658
0.06445312 0.85626221 3.27838135 3.22308350 3.87994385 0.00000000 0.55255127 6.17620850 3.33477783 0.00000000 0.00000000 2.39019775 1.53021240 0.00000000 1.84930420 0.00000000
4.34368896 2.82336426 5.52917480 3.76000977 0.14373779 4.50781250 1.84179688 4.23486328 0.71789551 0.00000000 0.26977539 6.23797607 1.71185303 0.00000000 6.02874756 0.00000000
0.00000000 0.27368164 5.41943359 1.23181152 3.94378662 0.00000000 7.87750244 0.90087891 0.00000000 3.16064453 0.00000000 0.00000000 5.70275879 0.00000000 0.29467773 1.97344971
2.68902588 0.30181885 1.80413818 1.06616211 0.00000000 0.55035400 4.27288818 0.51495361 0.13732910 0.70581055 0.00000000 0.09075928 2.34820557 0.01367188 0.45965576 2.90673828
0.00000000 0.21936035 0.13684082 1.38757324 0.05102539 0.00000000 0.00000000 2.07659912 2.86633301 0.52679443 0.00000000 1.30371094 0.07879639 0.09100342 0.00000000 0.00000000
0.00000000 0.00000000 3.26904297 4.65429688 1.18054199 0.88647461 1.18774414 0.99993896 1.08111572 0.31420898 0.00000000 0.96923828 1.95495605 0.00000000 0.73681641 0.00000000
1.71539307 0.87091064 0.57220459 0.93029785 0.00000000 3.88098145 0.03924561 4.32781982 2.35375977 0.46484375 0.00000000 1.95086670 1.69854736 0.00000000 1.04125977 0.00000000
