0.00000000
0.00000000
3.88394451
0.00000000
0.77902651
1.49170077
1.74893248
0.00000000
1.40961933
1.30351996
0.00000000
1.72269690
5.00139332
4.01304150
5.65799046
1.72870016
0.16524547
5.52907467
0.00000000
1.72999322
0.00000000
0.58296561
5.54343843
1.43277073
1.99334824
0.00000000
4.60965395
0.94753015
8.52094269
4.82703686
0.00000000
1.78480995
2.61686802
0.00000000
0.00000000
0.19713253
0.00000000
0.00000000
7.36784935
2.17324591
0.31225646
0.00000000
5.34594059
2.71625900
2.67824578
4.78285599
1.23455703
0.52602702
0.07859296
0.00000000
0.00000000
0.33120966
6.45012951
0.00000000
0.00000000
3.83624530
3.92706513
0.00000000
3.06993341
0.00000000
3.72742057
3.76608419
3.29713035
0.00000000
0.00000000
0.00000000
1.07922816
0.10877037
3.03481293
3.53709030
0.00000000
0.00000000
0.00000000
1.74219549
6.96736336
0.00000000
5.67855453
0.00000000
0.98294473
0.00000000
0.10466117
0.00000000
3.56274199
0.00000000
